# Created using MTpy calculated floor_egbert error of 5% data rotated 0.0_deg clockwise from N
# Period(s) Code GG_Lat GG_Lon X(m) Y(m) Z(m) Component Real Imag Error
> Full_Impedance
> exp(+i\omega t)
> [mV/km]/[nT]
> 0
> -30.212397 139.728396     -56.00
> 13 15
2.05353e-02    pb23  -30.213  139.731    -101.519     250.854     -55.999 ZXX -1.804131e+00 -1.735689e+00  1.649727e+00
2.05353e-02    pb23  -30.213  139.731    -101.519     250.854     -55.999 ZXY  2.059114e+01  2.381983e+01  1.649727e+00
2.05353e-02    pb23  -30.213  139.731    -101.519     250.854     -55.999 ZYX -2.273134e+01 -2.605242e+01  1.649727e+00
2.05353e-02    pb23  -30.213  139.731    -101.519     250.854     -55.999 ZYY -1.824039e-02 -4.519068e-01  1.649727e+00
4.21697e-02    pb23  -30.213  139.731    -101.519     250.854     -55.999 ZXX -1.234988e+00 -1.250834e+00  1.109873e+00
4.21697e-02    pb23  -30.213  139.731    -101.519     250.854     -55.999 ZXY  1.372694e+01  1.611904e+01  1.109873e+00
4.21697e-02    pb23  -30.213  139.731    -101.519     250.854     -55.999 ZYX -1.525963e+01 -1.757153e+01  1.109873e+00
4.21697e-02    pb23  -30.213  139.731    -101.519     250.854     -55.999 ZYY  3.453508e-01  4.905259e-02  1.109873e+00
8.65964e-02    pb23  -30.213  139.731    -101.519     250.854     -55.999 ZXX -9.372126e-01 -7.448807e-01  7.539668e-01
8.65964e-02    pb23  -30.213  139.731    -101.519     250.854     -55.999 ZXY  8.910809e+00  1.090875e+01  7.539668e-01
8.65964e-02    pb23  -30.213  139.731    -101.519     250.854     -55.999 ZYX -1.076747e+01 -1.202767e+01  7.539668e-01
8.65964e-02    pb23  -30.213  139.731    -101.519     250.854     -55.999 ZYY -4.317925e-01 -1.110418e-01  7.539668e-01
1.77828e-01    pb23  -30.213  139.731    -101.519     250.854     -55.999 ZXX -5.760922e-01 -9.521470e-01  5.316501e-01
1.77828e-01    pb23  -30.213  139.731    -101.519     250.854     -55.999 ZXY  6.820477e+00  8.188264e+00  5.316501e-01
1.77828e-01    pb23  -30.213  139.731    -101.519     250.854     -55.999 ZYX -6.739396e+00 -8.193760e+00  5.316501e-01
1.77828e-01    pb23  -30.213  139.731    -101.519     250.854     -55.999 ZYY  1.775638e-01  1.283960e-01  5.316501e-01
3.65174e-01    pb23  -30.213  139.731    -101.519     250.854     -55.999 ZXX -3.915486e-01 -2.786628e-01  3.099320e-01
3.65174e-01    pb23  -30.213  139.731    -101.519     250.854     -55.999 ZXY  4.200742e+00  4.170478e+00  3.099320e-01
3.65174e-01    pb23  -30.213  139.731    -101.519     250.854     -55.999 ZYX -4.716331e+00 -4.459841e+00  3.099320e-01
3.65174e-01    pb23  -30.213  139.731    -101.519     250.854     -55.999 ZYY -5.180812e-02 -3.758752e-02  3.099320e-01
7.49894e-01    pb23  -30.213  139.731    -101.519     250.854     -55.999 ZXX -3.133371e-01 -1.629202e-01  2.200037e-01
7.49894e-01    pb23  -30.213  139.731    -101.519     250.854     -55.999 ZXY  3.370249e+00  2.221360e+00  2.200037e-01
7.49894e-01    pb23  -30.213  139.731    -101.519     250.854     -55.999 ZYX -4.015364e+00 -2.623491e+00  2.200037e-01
7.49894e-01    pb23  -30.213  139.731    -101.519     250.854     -55.999 ZYY  4.418203e-02 -2.005943e-01  2.200037e-01
1.53993e+00    pb23  -30.213  139.731    -101.519     250.854     -55.999 ZXX -3.448404e-01 -2.105393e-01  1.833249e-01
1.53993e+00    pb23  -30.213  139.731    -101.519     250.854     -55.999 ZXY  3.127314e+00  1.099777e+00  1.833249e-01
1.53993e+00    pb23  -30.213  139.731    -101.519     250.854     -55.999 ZYX -3.578021e+00 -1.908504e+00  1.833249e-01
1.53993e+00    pb23  -30.213  139.731    -101.519     250.854     -55.999 ZYY  2.065161e-01 -2.644627e-01  1.833249e-01
3.16228e+00    pb23  -30.213  139.731    -101.519     250.854     -55.999 ZXX -2.187052e-01 -2.481877e-01  2.056889e-01
3.16228e+00    pb23  -30.213  139.731    -101.519     250.854     -55.999 ZXY  3.288586e+00  6.065501e-01  2.111956e-01
3.16228e+00    pb23  -30.213  139.731    -101.519     250.854     -55.999 ZYX -3.005299e+00 -1.713615e+00  1.700649e-01
3.16228e+00    pb23  -30.213  139.731    -101.519     250.854     -55.999 ZYY  3.638110e-01 -2.008888e-01  1.700649e-01
6.49382e+00    pb23  -30.213  139.731    -101.519     250.854     -55.999 ZXX  7.788102e-02 -2.475391e-01  3.919918e-01
6.49382e+00    pb23  -30.213  139.731    -101.519     250.854     -55.999 ZXY  3.261187e+00  7.599265e-01  3.279343e-01
6.49382e+00    pb23  -30.213  139.731    -101.519     250.854     -55.999 ZYX -2.262381e+00 -1.628625e+00  2.266656e-01
6.49382e+00    pb23  -30.213  139.731    -101.519     250.854     -55.999 ZYY  5.174618e-01 -8.347345e-02  1.856838e-01
1.33352e+01    pb23  -30.213  139.731    -101.519     250.854     -55.999 ZXX  1.197422e-01 -1.670072e-01  4.876441e-01
1.33352e+01    pb23  -30.213  139.731    -101.519     250.854     -55.999 ZXY  2.848888e+00  1.141575e+00  3.767002e-01
1.33352e+01    pb23  -30.213  139.731    -101.519     250.854     -55.999 ZYX -1.302150e+00 -1.413486e+00  2.743606e-01
1.33352e+01    pb23  -30.213  139.731    -101.519     250.854     -55.999 ZYY  4.888090e-01  7.520516e-02  2.227432e-01
2.73842e+01    pb23  -30.213  139.731    -101.519     250.854     -55.999 ZXX  1.321606e-01  8.133944e-02  1.112694e-01
2.73842e+01    pb23  -30.213  139.731    -101.519     250.854     -55.999 ZXY  1.890727e+00  1.228687e+00  1.036200e-01
2.73842e+01    pb23  -30.213  139.731    -101.519     250.854     -55.999 ZYX -6.353124e-01 -9.950011e-01  8.489434e-02
2.73842e+01    pb23  -30.213  139.731    -101.519     250.854     -55.999 ZYY  3.712929e-01  1.841866e-01  8.157759e-02
5.62341e+01    pb23  -30.213  139.731    -101.519     250.854     -55.999 ZXX  3.199040e-02  1.494698e-01  1.022303e-01
5.62341e+01    pb23  -30.213  139.731    -101.519     250.854     -55.999 ZXY  1.530852e+00  1.167588e+00  1.019732e-01
5.62341e+01    pb23  -30.213  139.731    -101.519     250.854     -55.999 ZYX -4.440666e-01 -7.224903e-01  7.586407e-02
5.62341e+01    pb23  -30.213  139.731    -101.519     250.854     -55.999 ZYY  2.897605e-01  2.099516e-01  7.264677e-02
1.15478e+02    pb23  -30.213  139.731    -101.519     250.854     -55.999 ZXX -6.757264e-02  1.234568e-01  1.138460e-01
1.15478e+02    pb23  -30.213  139.731    -101.519     250.854     -55.999 ZXY  1.241229e+00  1.030912e+00  1.139304e-01
1.15478e+02    pb23  -30.213  139.731    -101.519     250.854     -55.999 ZYX -3.409967e-01 -5.012199e-01  8.678717e-02
1.15478e+02    pb23  -30.213  139.731    -101.519     250.854     -55.999 ZYY  2.294881e-01  1.914201e-01  8.754189e-02
2.05353e-02    pb25  -30.214  139.737    -178.498     843.734     -55.999 ZXX -1.849055e+00 -1.928288e+00  1.560140e+00
2.05353e-02    pb25  -30.214  139.737    -178.498     843.734     -55.999 ZXY  1.957543e+01  2.260557e+01  1.560140e+00
2.05353e-02    pb25  -30.214  139.737    -178.498     843.734     -55.999 ZYX -2.153678e+01 -2.441803e+01  1.560140e+00
2.05353e-02    pb25  -30.214  139.737    -178.498     843.734     -55.999 ZYY -5.068436e+00 -6.050712e+00  1.560140e+00
4.21697e-02    pb25  -30.214  139.737    -178.498     843.734     -55.999 ZXX -1.143720e+00 -1.236703e+00  1.073446e+00
4.21697e-02    pb25  -30.214  139.737    -178.498     843.734     -55.999 ZXY  1.375785e+01  1.576298e+01  1.073446e+00
4.21697e-02    pb25  -30.214  139.737    -178.498     843.734     -55.999 ZYX -1.453832e+01 -1.655118e+01  1.073446e+00
4.21697e-02    pb25  -30.214  139.737    -178.498     843.734     -55.999 ZYY -3.529816e+00 -4.212417e+00  1.073446e+00
8.65964e-02    pb25  -30.214  139.737    -178.498     843.734     -55.999 ZXX -8.354954e-01 -7.233718e-01  7.189815e-01
8.65964e-02    pb25  -30.214  139.737    -178.498     843.734     -55.999 ZXY  8.835905e+00  1.063141e+01  7.189815e-01
8.65964e-02    pb25  -30.214  139.737    -178.498     843.734     -55.999 ZYX -9.816084e+00 -1.128617e+01  7.189815e-01
8.65964e-02    pb25  -30.214  139.737    -178.498     843.734     -55.999 ZYY -2.590100e+00 -2.729052e+00  7.189815e-01
1.77828e-01    pb25  -30.214  139.737    -178.498     843.734     -55.999 ZXX -4.499685e-01 -6.569321e-01  4.912065e-01
1.77828e-01    pb25  -30.214  139.737    -178.498     843.734     -55.999 ZXY  6.116975e+00  7.193722e+00  4.912065e-01
1.77828e-01    pb25  -30.214  139.737    -178.498     843.734     -55.999 ZYX -6.352137e+00 -8.007225e+00  4.912065e-01
1.77828e-01    pb25  -30.214  139.737    -178.498     843.734     -55.999 ZYY -1.368328e+00 -1.774069e+00  4.912065e-01
3.65174e-01    pb25  -30.214  139.737    -178.498     843.734     -55.999 ZXX -3.506322e-01 -2.537657e-01  3.012193e-01
3.65174e-01    pb25  -30.214  139.737    -178.498     843.734     -55.999 ZXY  4.214000e+00  3.969850e+00  3.012193e-01
3.65174e-01    pb25  -30.214  139.737    -178.498     843.734     -55.999 ZYX -4.521175e+00 -4.342555e+00  3.012193e-01
3.65174e-01    pb25  -30.214  139.737    -178.498     843.734     -55.999 ZYY -1.220114e+00 -1.152804e+00  3.012193e-01
7.49894e-01    pb25  -30.214  139.737    -178.498     843.734     -55.999 ZXX -4.479442e-01 -2.419660e-01  2.159228e-01
7.49894e-01    pb25  -30.214  139.737    -178.498     843.734     -55.999 ZXY  3.462492e+00  2.111000e+00  2.159228e-01
7.49894e-01    pb25  -30.214  139.737    -178.498     843.734     -55.999 ZYX -3.799611e+00 -2.590608e+00  2.159228e-01
7.49894e-01    pb25  -30.214  139.737    -178.498     843.734     -55.999 ZYY -9.208638e-01 -7.565457e-01  2.159228e-01
1.53993e+00    pb25  -30.214  139.737    -178.498     843.734     -55.999 ZXX -3.122321e-01 -2.549992e-01  1.813931e-01
1.53993e+00    pb25  -30.214  139.737    -178.498     843.734     -55.999 ZXY  3.240820e+00  1.083175e+00  1.813931e-01
1.53993e+00    pb25  -30.214  139.737    -178.498     843.734     -55.999 ZYX -3.385454e+00 -1.836901e+00  1.924337e-01
1.53993e+00    pb25  -30.214  139.737    -178.498     843.734     -55.999 ZYY -7.046883e-01 -5.286392e-01  1.884679e-01
3.16228e+00    pb25  -30.214  139.737    -178.498     843.734     -55.999 ZXX -1.619718e-01 -2.992733e-01  1.636950e-01
3.16228e+00    pb25  -30.214  139.737    -178.498     843.734     -55.999 ZXY  3.278637e+00  6.128567e-01  1.636950e-01
3.16228e+00    pb25  -30.214  139.737    -178.498     843.734     -55.999 ZYX -2.854863e+00 -1.475269e+00  2.523141e-01
3.16228e+00    pb25  -30.214  139.737    -178.498     843.734     -55.999 ZYY -6.069494e-01 -3.777743e-01  2.778102e-01
6.49382e+00    pb25  -30.214  139.737    -178.498     843.734     -55.999 ZXX  1.588281e-01 -3.655482e-01  2.493517e-01
6.49382e+00    pb25  -30.214  139.737    -178.498     843.734     -55.999 ZXY  3.289067e+00  7.845177e-01  2.224592e-01
6.49382e+00    pb25  -30.214  139.737    -178.498     843.734     -55.999 ZYX -1.931941e+00 -1.552825e+00  3.871865e-01
6.49382e+00    pb25  -30.214  139.737    -178.498     843.734     -55.999 ZYY -4.929709e-01 -2.286246e-01  3.509972e-01
1.33352e+01    pb25  -30.214  139.737    -178.498     843.734     -55.999 ZXX  3.955760e-01 -1.321775e-01  2.161312e-01
1.33352e+01    pb25  -30.214  139.737    -178.498     843.734     -55.999 ZXY  2.794777e+00  1.311882e+00  2.178558e-01
1.33352e+01    pb25  -30.214  139.737    -178.498     843.734     -55.999 ZYX -1.337687e+00 -1.425682e+00  3.758342e-01
1.33352e+01    pb25  -30.214  139.737    -178.498     843.734     -55.999 ZYY -2.404852e-01 -2.902283e-01  3.721316e-01
2.73842e+01    pb25  -30.214  139.737    -178.498     843.734     -55.999 ZXX  2.941838e-01  8.294689e-02  1.024077e-01
2.73842e+01    pb25  -30.214  139.737    -178.498     843.734     -55.999 ZXY  1.976602e+00  1.227705e+00  1.123033e-01
2.73842e+01    pb25  -30.214  139.737    -178.498     843.734     -55.999 ZYX -7.191652e-01 -1.008652e+00  1.228663e-01
2.73842e+01    pb25  -30.214  139.737    -178.498     843.734     -55.999 ZYY -1.887605e-01 -2.010815e-01  1.275606e-01
5.62341e+01    pb25  -30.214  139.737    -178.498     843.734     -55.999 ZXX  1.512561e-01  2.202525e-01  9.862052e-02
5.62341e+01    pb25  -30.214  139.737    -178.498     843.734     -55.999 ZXY  1.538889e+00  1.168055e+00  1.037988e-01
5.62341e+01    pb25  -30.214  139.737    -178.498     843.734     -55.999 ZYX -4.681697e-01 -7.565417e-01  1.123909e-01
5.62341e+01    pb25  -30.214  139.737    -178.498     843.734     -55.999 ZYY -2.037373e-01 -1.494154e-01  1.119268e-01
1.15478e+02    pb25  -30.214  139.737    -178.498     843.734     -55.999 ZXX  2.784649e-02  1.908515e-01  1.102794e-01
1.15478e+02    pb25  -30.214  139.737    -178.498     843.734     -55.999 ZXY  1.303308e+00  1.044738e+00  1.052634e-01
1.15478e+02    pb25  -30.214  139.737    -178.498     843.734     -55.999 ZYX -3.403875e-01 -5.157283e-01  1.215367e-01
1.15478e+02    pb25  -30.214  139.737    -178.498     843.734     -55.999 ZYY -1.548977e-01 -1.246376e-01  1.100836e-01
2.05353e-02    pb27  -30.216  139.746    -326.547    1729.061     -55.999 ZXX -3.655863e+00 -3.416532e+00  2.046774e+00
2.05353e-02    pb27  -30.216  139.746    -326.547    1729.061     -55.999 ZXY  2.211026e+01  2.437687e+01  2.046774e+00
2.05353e-02    pb27  -30.216  139.746    -326.547    1729.061     -55.999 ZYX -3.438221e+01 -3.755589e+01  2.046774e+00
2.05353e-02    pb27  -30.216  139.746    -326.547    1729.061     -55.999 ZYY -6.268302e+00 -6.933436e+00  2.046774e+00
4.21697e-02    pb27  -30.216  139.746    -326.547    1729.061     -55.999 ZXX -2.473542e+00 -2.589030e+00  1.418387e+00
4.21697e-02    pb27  -30.216  139.746    -326.547    1729.061     -55.999 ZXY  1.540214e+01  1.698126e+01  1.418387e+00
4.21697e-02    pb27  -30.216  139.746    -326.547    1729.061     -55.999 ZYX -2.351916e+01 -2.605698e+01  1.418387e+00
4.21697e-02    pb27  -30.216  139.746    -326.547    1729.061     -55.999 ZYY -4.221831e+00 -4.470266e+00  1.418387e+00
8.65964e-02    pb27  -30.216  139.746    -326.547    1729.061     -55.999 ZXX -1.441778e+00 -2.069597e+00  9.621595e-01
8.65964e-02    pb27  -30.216  139.746    -326.547    1729.061     -55.999 ZXY  9.859793e+00  1.174084e+01  9.621595e-01
8.65964e-02    pb27  -30.216  139.746    -326.547    1729.061     -55.999 ZYX -1.597784e+01 -1.811221e+01  9.621595e-01
8.65964e-02    pb27  -30.216  139.746    -326.547    1729.061     -55.999 ZYY -2.540093e+00 -2.814417e+00  9.621595e-01
1.77828e-01    pb27  -30.216  139.746    -326.547    1729.061     -55.999 ZXX -1.644547e+00 -1.450425e+00  7.669420e-01
1.77828e-01    pb27  -30.216  139.746    -326.547    1729.061     -55.999 ZXY  6.805801e+00  7.954026e+00  7.669420e-01
1.77828e-01    pb27  -30.216  139.746    -326.547    1729.061     -55.999 ZYX -1.458329e+01 -1.710186e+01  7.669420e-01
1.77828e-01    pb27  -30.216  139.746    -326.547    1729.061     -55.999 ZYY -1.282893e+00 -1.664356e+00  7.669420e-01
3.65174e-01    pb27  -30.216  139.746    -326.547    1729.061     -55.999 ZXX -9.869826e-01 -9.778103e-01  4.946408e-01
3.65174e-01    pb27  -30.216  139.746    -326.547    1729.061     -55.999 ZXY  4.675864e+00  4.478494e+00  4.474741e-01
3.65174e-01    pb27  -30.216  139.746    -326.547    1729.061     -55.999 ZYX -8.975324e+00 -8.512883e+00  4.966291e-01
3.65174e-01    pb27  -30.216  139.746    -326.547    1729.061     -55.999 ZYY -7.252508e-01 -7.130205e-01  4.474741e-01
7.49894e-01    pb27  -30.216  139.746    -326.547    1729.061     -55.999 ZXX -3.879283e-01 -5.679665e-01  4.940920e-01
7.49894e-01    pb27  -30.216  139.746    -326.547    1729.061     -55.999 ZXY  3.985015e+00  2.612901e+00  3.681329e-01
7.49894e-01    pb27  -30.216  139.746    -326.547    1729.061     -55.999 ZYX -7.790550e+00 -5.009448e+00  4.894930e-01
7.49894e-01    pb27  -30.216  139.746    -326.547    1729.061     -55.999 ZYY -5.159914e-01 -7.252430e-02  3.627312e-01
1.53993e+00    pb27  -30.216  139.746    -326.547    1729.061     -55.999 ZXX -5.063246e-01 -8.946380e-03  4.838683e-01
1.53993e+00    pb27  -30.216  139.746    -326.547    1729.061     -55.999 ZXY  3.556638e+00  1.379578e+00  3.436260e-01
1.53993e+00    pb27  -30.216  139.746    -326.547    1729.061     -55.999 ZYX -7.134347e+00 -3.529574e+00  4.716896e-01
1.53993e+00    pb27  -30.216  139.746    -326.547    1729.061     -55.999 ZYY -7.504378e-01  1.102116e-01  3.342965e-01
3.16228e+00    pb27  -30.216  139.746    -326.547    1729.061     -55.999 ZXX -7.171290e-01  1.884622e-02  4.084636e-01
3.16228e+00    pb27  -30.216  139.746    -326.547    1729.061     -55.999 ZXY  3.533212e+00  7.919348e-01  3.142459e-01
3.16228e+00    pb27  -30.216  139.746    -326.547    1729.061     -55.999 ZYX -6.269232e+00 -3.245894e+00  3.952664e-01
3.16228e+00    pb27  -30.216  139.746    -326.547    1729.061     -55.999 ZYY -8.119427e-01  3.845578e-02  3.028103e-01
6.49382e+00    pb27  -30.216  139.746    -326.547    1729.061     -55.999 ZXX -7.175102e-01 -1.213287e-01  4.109657e-01
6.49382e+00    pb27  -30.216  139.746    -326.547    1729.061     -55.999 ZXY  3.366400e+00  1.006124e+00  2.959830e-01
6.49382e+00    pb27  -30.216  139.746    -326.547    1729.061     -55.999 ZYX -3.853732e+00 -2.777183e+00  3.717296e-01
6.49382e+00    pb27  -30.216  139.746    -326.547    1729.061     -55.999 ZYY -8.830014e-01 -1.794504e-01  2.659757e-01
1.33352e+01    pb27  -30.216  139.746    -326.547    1729.061     -55.999 ZXX -1.163130e+00 -4.345223e-01  3.346755e-01
1.33352e+01    pb27  -30.216  139.746    -326.547    1729.061     -55.999 ZXY  2.938544e+00  1.393978e+00  2.222362e-01
1.33352e+01    pb27  -30.216  139.746    -326.547    1729.061     -55.999 ZYX -2.828702e+00 -4.071319e+00  2.936119e-01
1.33352e+01    pb27  -30.216  139.746    -326.547    1729.061     -55.999 ZYY -8.999394e-01 -2.989681e-01  2.007734e-01
2.73842e+01    pb27  -30.216  139.746    -326.547    1729.061     -55.999 ZXX -6.883548e-01 -5.944809e-01  1.865550e-01
2.73842e+01    pb27  -30.216  139.746    -326.547    1729.061     -55.999 ZXY  2.078979e+00  1.336360e+00  1.385543e-01
2.73842e+01    pb27  -30.216  139.746    -326.547    1729.061     -55.999 ZYX -1.469492e+00 -2.295954e+00  1.614334e-01
2.73842e+01    pb27  -30.216  139.746    -326.547    1729.061     -55.999 ZYY -6.626882e-01 -3.301922e-01  1.297789e-01
5.62341e+01    pb27  -30.216  139.746    -326.547    1729.061     -55.999 ZXX -2.925778e-01 -7.215206e-01  1.854536e-01
5.62341e+01    pb27  -30.216  139.746    -326.547    1729.061     -55.999 ZXY  1.642889e+00  1.249986e+00  1.255905e-01
5.62341e+01    pb27  -30.216  139.746    -326.547    1729.061     -55.999 ZYX -9.791711e-01 -1.596100e+00  1.500666e-01
5.62341e+01    pb27  -30.216  139.746    -326.547    1729.061     -55.999 ZYY -4.372235e-01 -3.757205e-01  9.892934e-02
1.15478e+02    pb27  -30.216  139.746    -326.547    1729.061     -55.999 ZXX  6.153645e-02 -5.588533e-01  2.096987e-01
1.15478e+02    pb27  -30.216  139.746    -326.547    1729.061     -55.999 ZXY  1.377495e+00  1.124158e+00  1.357640e-01
1.15478e+02    pb27  -30.216  139.746    -326.547    1729.061     -55.999 ZYX -7.809083e-01 -1.132170e+00  1.826879e-01
1.15478e+02    pb27  -30.216  139.746    -326.547    1729.061     -55.999 ZYY -3.652976e-01 -3.321090e-01  1.078503e-01
2.05353e-02    pb29  -30.218  139.756    -589.465    2647.382     -55.999 ZXX -2.913535e-01 -5.457137e-01  1.315039e+00
2.05353e-02    pb29  -30.218  139.756    -589.465    2647.382     -55.999 ZXY  1.624477e+01  1.893517e+01  1.315039e+00
2.05353e-02    pb29  -30.218  139.756    -589.465    2647.382     -55.999 ZYX -1.871293e+01 -2.045898e+01  1.315039e+00
2.05353e-02    pb29  -30.218  139.756    -589.465    2647.382     -55.999 ZYY -7.525220e-01 -2.251638e-01  1.315039e+00
4.21697e-02    pb29  -30.218  139.756    -589.465    2647.382     -55.999 ZXX -1.594106e-01 -3.643307e-01  9.608779e-01
4.21697e-02    pb29  -30.218  139.756    -589.465    2647.382     -55.999 ZXY  1.264391e+01  1.346857e+01  9.608779e-01
4.21697e-02    pb29  -30.218  139.756    -589.465    2647.382     -55.999 ZYX -1.389706e+01 -1.437131e+01  9.608779e-01
4.21697e-02    pb29  -30.218  139.756    -589.465    2647.382     -55.999 ZYY -4.469008e-01 -3.677606e-01  9.608779e-01
8.65964e-02    pb29  -30.218  139.756    -589.465    2647.382     -55.999 ZXX -1.352262e-01 -1.095349e-01  6.551940e-01
8.65964e-02    pb29  -30.218  139.756    -589.465    2647.382     -55.999 ZXY  8.172380e+00  9.332295e+00  6.551940e-01
8.65964e-02    pb29  -30.218  139.756    -589.465    2647.382     -55.999 ZYX -9.473207e+00 -1.009300e+01  6.551940e-01
8.65964e-02    pb29  -30.218  139.756    -589.465    2647.382     -55.999 ZYY -7.353776e-01 -1.985204e-01  6.551940e-01
1.77828e-01    pb29  -30.218  139.756    -589.465    2647.382     -55.999 ZXX  1.883718e-02 -1.976519e-01  4.457634e-01
1.77828e-01    pb29  -30.218  139.756    -589.465    2647.382     -55.999 ZXY  5.487594e+00  6.492675e+00  4.457634e-01
1.77828e-01    pb29  -30.218  139.756    -589.465    2647.382     -55.999 ZYX -6.030360e+00 -7.144945e+00  4.457634e-01
1.77828e-01    pb29  -30.218  139.756    -589.465    2647.382     -55.999 ZYY -1.125444e-01 -1.318702e-01  4.457634e-01
3.65174e-01    pb29  -30.218  139.756    -589.465    2647.382     -55.999 ZXX  1.008981e-02  1.386624e-02  2.729268e-01
3.65174e-01    pb29  -30.218  139.756    -589.465    2647.382     -55.999 ZXY  3.722317e+00  3.607910e+00  2.729268e-01
3.65174e-01    pb29  -30.218  139.756    -589.465    2647.382     -55.999 ZYX -4.174221e+00 -3.951251e+00  2.729268e-01
3.65174e-01    pb29  -30.218  139.756    -589.465    2647.382     -55.999 ZYY -2.699902e-01 -1.945848e-01  2.729268e-01
7.49894e-01    pb29  -30.218  139.756    -589.465    2647.382     -55.999 ZXX -4.940515e-02  4.085719e-02  1.960558e-01
7.49894e-01    pb29  -30.218  139.756    -589.465    2647.382     -55.999 ZXY  3.079756e+00  1.962538e+00  1.960558e-01
7.49894e-01    pb29  -30.218  139.756    -589.465    2647.382     -55.999 ZYX -3.527459e+00 -2.298373e+00  1.960558e-01
7.49894e-01    pb29  -30.218  139.756    -589.465    2647.382     -55.999 ZYY -1.521850e-01 -2.211106e-01  1.960558e-01
1.53993e+00    pb29  -30.218  139.756    -589.465    2647.382     -55.999 ZXX -6.281306e-02 -6.026707e-02  1.637525e-01
1.53993e+00    pb29  -30.218  139.756    -589.465    2647.382     -55.999 ZXY  2.844535e+00  1.046202e+00  1.637525e-01
1.53993e+00    pb29  -30.218  139.756    -589.465    2647.382     -55.999 ZYX -3.140388e+00 -1.631611e+00  1.637525e-01
1.53993e+00    pb29  -30.218  139.756    -589.465    2647.382     -55.999 ZYY -2.562490e-02 -2.197708e-01  1.637525e-01
3.16228e+00    pb29  -30.218  139.756    -589.465    2647.382     -55.999 ZXX -6.553735e-03 -1.090192e-01  1.525449e-01
3.16228e+00    pb29  -30.218  139.756    -589.465    2647.382     -55.999 ZXY  2.845053e+00  6.217149e-01  1.642415e-01
3.16228e+00    pb29  -30.218  139.756    -589.465    2647.382     -55.999 ZYX -2.691904e+00 -1.385938e+00  1.591085e-01
3.16228e+00    pb29  -30.218  139.756    -589.465    2647.382     -55.999 ZYY  1.309044e-01 -2.413554e-01  1.733226e-01
6.49382e+00    pb29  -30.218  139.756    -589.465    2647.382     -55.999 ZXX  1.112506e-01 -1.538722e-01  2.721938e-01
6.49382e+00    pb29  -30.218  139.756    -589.465    2647.382     -55.999 ZXY  2.700181e+00  6.896321e-01  2.489095e-01
6.49382e+00    pb29  -30.218  139.756    -589.465    2647.382     -55.999 ZYX -1.992458e+00 -1.408985e+00  2.942508e-01
6.49382e+00    pb29  -30.218  139.756    -589.465    2647.382     -55.999 ZYY  1.082776e-01 -1.843530e-01  2.694940e-01
1.33352e+01    pb29  -30.218  139.756    -589.465    2647.382     -55.999 ZXX  2.214055e-01  4.320004e-03  2.219171e-01
1.33352e+01    pb29  -30.218  139.756    -589.465    2647.382     -55.999 ZXY  2.335887e+00  1.003942e+00  2.307841e-01
1.33352e+01    pb29  -30.218  139.756    -589.465    2647.382     -55.999 ZYX -1.204837e+00 -1.300981e+00  2.176340e-01
1.33352e+01    pb29  -30.218  139.756    -589.465    2647.382     -55.999 ZYY  2.415390e-01 -4.259751e-02  2.220038e-01
2.73842e+01    pb29  -30.218  139.756    -589.465    2647.382     -55.999 ZXX  1.870244e-01  1.133347e-01  9.266248e-02
2.73842e+01    pb29  -30.218  139.756    -589.465    2647.382     -55.999 ZXY  1.693611e+00  1.041204e+00  1.021526e-01
2.73842e+01    pb29  -30.218  139.756    -589.465    2647.382     -55.999 ZYX -6.642697e-01 -9.315606e-01  8.467413e-02
2.73842e+01    pb29  -30.218  139.756    -589.465    2647.382     -55.999 ZYY  2.191777e-01  6.873168e-02  8.788558e-02
5.62341e+01    pb29  -30.218  139.756    -589.465    2647.382     -55.999 ZXX  7.181757e-02  2.002271e-01  9.657716e-02
5.62341e+01    pb29  -30.218  139.756    -589.465    2647.382     -55.999 ZXY  1.300140e+00  1.005299e+00  9.808168e-02
5.62341e+01    pb29  -30.218  139.756    -589.465    2647.382     -55.999 ZYX -4.333769e-01 -6.951028e-01  7.762896e-02
5.62341e+01    pb29  -30.218  139.756    -589.465    2647.382     -55.999 ZYY  1.466287e-01  9.246307e-02  7.494902e-02
1.15478e+02    pb29  -30.218  139.756    -589.465    2647.382     -55.999 ZXX -4.080464e-02  1.562778e-01  1.128099e-01
1.15478e+02    pb29  -30.218  139.756    -589.465    2647.382     -55.999 ZXY  1.091389e+00  8.807385e-01  1.033041e-01
1.15478e+02    pb29  -30.218  139.756    -589.465    2647.382     -55.999 ZYX -3.120340e-01 -4.823821e-01  9.429320e-02
1.15478e+02    pb29  -30.218  139.756    -589.465    2647.382     -55.999 ZYY  1.257565e-01  8.978351e-02  8.154453e-02
2.05353e-02    pb30  -30.218  139.762    -547.470    3205.226     -55.999 ZXX  2.059634e-01  2.105007e-01  1.589132e+00
2.05353e-02    pb30  -30.218  139.762    -547.470    3205.226     -55.999 ZXY  2.257015e+01  2.267172e+01  1.589132e+00
2.05353e-02    pb30  -30.218  139.762    -547.470    3205.226     -55.999 ZYX -2.192504e+01 -2.272265e+01  1.589132e+00
2.05353e-02    pb30  -30.218  139.762    -547.470    3205.226     -55.999 ZYY  2.622992e+00  2.983274e+00  1.589132e+00
4.21697e-02    pb30  -30.218  139.762    -547.470    3205.226     -55.999 ZXX  4.603874e-02  2.556593e-01  1.106678e+00
4.21697e-02    pb30  -30.218  139.762    -547.470    3205.226     -55.999 ZXY  1.530198e+01  1.578891e+01  1.106678e+00
4.21697e-02    pb30  -30.218  139.762    -547.470    3205.226     -55.999 ZYX -1.535410e+01 -1.614577e+01  1.106678e+00
4.21697e-02    pb30  -30.218  139.762    -547.470    3205.226     -55.999 ZYY  2.157365e+00  2.341038e+00  1.106678e+00
8.65964e-02    pb30  -30.218  139.762    -547.470    3205.226     -55.999 ZXX  2.719156e-01  1.232193e-01  7.843080e-01
8.65964e-02    pb30  -30.218  139.762    -547.470    3205.226     -55.999 ZXY  1.063791e+01  1.154047e+01  7.843080e-01
8.65964e-02    pb30  -30.218  139.762    -547.470    3205.226     -55.999 ZYX -1.062051e+01 -1.153120e+01  7.843080e-01
8.65964e-02    pb30  -30.218  139.762    -547.470    3205.226     -55.999 ZYY  8.931983e-01  1.084641e+00  7.843080e-01
1.77828e-01    pb30  -30.218  139.762    -547.470    3205.226     -55.999 ZXX  4.557512e-02 -4.609034e-02  5.138359e-01
1.77828e-01    pb30  -30.218  139.762    -547.470    3205.226     -55.999 ZXY  6.596627e+00  7.663852e+00  5.138359e-01
1.77828e-01    pb30  -30.218  139.762    -547.470    3205.226     -55.999 ZYX -7.079950e+00 -7.678315e+00  5.138359e-01
1.77828e-01    pb30  -30.218  139.762    -547.470    3205.226     -55.999 ZYY  1.199585e+00  1.134424e+00  5.138359e-01
3.65174e-01    pb30  -30.218  139.762    -547.470    3205.226     -55.999 ZXX -1.741160e-02  8.254515e-02  3.127302e-01
3.65174e-01    pb30  -30.218  139.762    -547.470    3205.226     -55.999 ZXY  4.512059e+00  4.293113e+00  3.127302e-01
3.65174e-01    pb30  -30.218  139.762    -547.470    3205.226     -55.999 ZYX -4.590587e+00 -4.287185e+00  3.127302e-01
3.65174e-01    pb30  -30.218  139.762    -547.470    3205.226     -55.999 ZYY  6.189808e-01  5.773780e-01  3.127302e-01
7.49894e-01    pb30  -30.218  139.762    -547.470    3205.226     -55.999 ZXX -6.544535e-02  4.064174e-02  2.246299e-01
7.49894e-01    pb30  -30.218  139.762    -547.470    3205.226     -55.999 ZXY  3.707793e+00  2.326732e+00  2.246299e-01
7.49894e-01    pb30  -30.218  139.762    -547.470    3205.226     -55.999 ZYX -3.860277e+00 -2.521557e+00  2.246299e-01
7.49894e-01    pb30  -30.218  139.762    -547.470    3205.226     -55.999 ZYY  5.653875e-01  1.909187e-01  2.246299e-01
1.53993e+00    pb30  -30.218  139.762    -547.470    3205.226     -55.999 ZXX -8.531310e-02 -9.282266e-02  1.878314e-01
1.53993e+00    pb30  -30.218  139.762    -547.470    3205.226     -55.999 ZXY  3.452292e+00  1.267709e+00  1.878314e-01
1.53993e+00    pb30  -30.218  139.762    -547.470    3205.226     -55.999 ZYX -3.420582e+00 -1.739017e+00  1.878314e-01
1.53993e+00    pb30  -30.218  139.762    -547.470    3205.226     -55.999 ZYY  6.650435e-01 -2.079936e-02  1.878314e-01
3.16228e+00    pb30  -30.218  139.762    -547.470    3205.226     -55.999 ZXX -1.283257e-02 -1.765713e-01  2.149800e-01
3.16228e+00    pb30  -30.218  139.762    -547.470    3205.226     -55.999 ZXY  3.419297e+00  7.860664e-01  1.973426e-01
3.16228e+00    pb30  -30.218  139.762    -547.470    3205.226     -55.999 ZYX -3.084078e+00 -1.654487e+00  2.109057e-01
3.16228e+00    pb30  -30.218  139.762    -547.470    3205.226     -55.999 ZYY  8.144934e-01 -9.663161e-02  1.900465e-01
6.49382e+00    pb30  -30.218  139.762    -547.470    3205.226     -55.999 ZXX  8.217418e-02 -1.943584e-01  3.954689e-01
6.49382e+00    pb30  -30.218  139.762    -547.470    3205.226     -55.999 ZXY  3.210198e+00  7.395904e-01  3.241309e-01
6.49382e+00    pb30  -30.218  139.762    -547.470    3205.226     -55.999 ZYX -2.409886e+00 -1.629405e+00  3.431760e-01
6.49382e+00    pb30  -30.218  139.762    -547.470    3205.226     -55.999 ZYY  9.160941e-01  2.231233e-02  2.898178e-01
1.33352e+01    pb30  -30.218  139.762    -547.470    3205.226     -55.999 ZXX  2.773431e-01 -1.001267e-01  3.118531e-01
1.33352e+01    pb30  -30.218  139.762    -547.470    3205.226     -55.999 ZXY  2.970864e+00  1.234906e+00  3.069643e-01
1.33352e+01    pb30  -30.218  139.762    -547.470    3205.226     -55.999 ZYX -1.507317e+00 -1.491536e+00  2.532787e-01
1.33352e+01    pb30  -30.218  139.762    -547.470    3205.226     -55.999 ZYY  8.643507e-01  1.777067e-01  2.498456e-01
2.73842e+01    pb30  -30.218  139.762    -547.470    3205.226     -55.999 ZXX  1.931802e-01  1.530701e-01  1.530359e-01
2.73842e+01    pb30  -30.218  139.762    -547.470    3205.226     -55.999 ZXY  2.033460e+00  1.217261e+00  1.617530e-01
2.73842e+01    pb30  -30.218  139.762    -547.470    3205.226     -55.999 ZYX -7.365935e-01 -9.848460e-01  1.247008e-01
2.73842e+01    pb30  -30.218  139.762    -547.470    3205.226     -55.999 ZYY  5.922555e-01  2.965604e-01  1.257487e-01
5.62341e+01    pb30  -30.218  139.762    -547.470    3205.226     -55.999 ZXX  2.780806e-02  2.006583e-01  1.349864e-01
5.62341e+01    pb30  -30.218  139.762    -547.470    3205.226     -55.999 ZXY  1.508321e+00  1.163513e+00  1.409264e-01
5.62341e+01    pb30  -30.218  139.762    -547.470    3205.226     -55.999 ZYX -4.401722e-01 -6.681659e-01  1.064302e-01
5.62341e+01    pb30  -30.218  139.762    -547.470    3205.226     -55.999 ZYY  4.220945e-01  3.268238e-01  1.077220e-01
1.15478e+02    pb30  -30.218  139.762    -547.470    3205.226     -55.999 ZXX -2.545070e-02  1.809333e-01  1.336509e-01
1.15478e+02    pb30  -30.218  139.762    -547.470    3205.226     -55.999 ZXY  1.260878e+00  1.016140e+00  1.265455e-01
1.15478e+02    pb30  -30.218  139.762    -547.470    3205.226     -55.999 ZYX -3.434695e-01 -5.008651e-01  1.117187e-01
1.15478e+02    pb30  -30.218  139.762    -547.470    3205.226     -55.999 ZYY  3.581633e-01  2.875233e-01  1.033184e-01
2.05353e-02    pb32  -30.221  139.779    -886.490    4901.090     -55.999 ZXX -3.700656e-01 -8.403394e-02  1.398044e+00
2.05353e-02    pb32  -30.221  139.779    -886.490    4901.090     -55.999 ZXY  1.917101e+01  2.023378e+01  1.398044e+00
2.05353e-02    pb32  -30.221  139.779    -886.490    4901.090     -55.999 ZYX -1.907536e+01 -2.056329e+01  1.398044e+00
2.05353e-02    pb32  -30.221  139.779    -886.490    4901.090     -55.999 ZYY  1.427143e+00  1.637041e+00  1.398044e+00
4.21697e-02    pb32  -30.221  139.779    -886.490    4901.090     -55.999 ZXX -3.364550e-01 -6.806987e-02  9.623974e-01
4.21697e-02    pb32  -30.221  139.779    -886.490    4901.090     -55.999 ZXY  1.296650e+01  1.379103e+01  9.623974e-01
4.21697e-02    pb32  -30.221  139.779    -886.490    4901.090     -55.999 ZYX -1.332221e+01 -1.433791e+01  9.623974e-01
4.21697e-02    pb32  -30.221  139.779    -886.490    4901.090     -55.999 ZYY  1.308324e+00  1.464276e+00  9.623974e-01
8.65964e-02    pb32  -30.221  139.779    -886.490    4901.090     -55.999 ZXX -2.207555e-02 -1.139109e-01  6.813319e-01
8.65964e-02    pb32  -30.221  139.779    -886.490    4901.090     -55.999 ZXY  9.025853e+00  9.873243e+00  6.813319e-01
8.65964e-02    pb32  -30.221  139.779    -886.490    4901.090     -55.999 ZYX -9.378665e+00 -1.023318e+01  6.813319e-01
8.65964e-02    pb32  -30.221  139.779    -886.490    4901.090     -55.999 ZYY  3.464736e-01  4.199972e-01  6.813319e-01
1.77828e-01    pb32  -30.221  139.779    -886.490    4901.090     -55.999 ZXX -1.414810e-01 -1.839403e-01  4.476490e-01
1.77828e-01    pb32  -30.221  139.779    -886.490    4901.090     -55.999 ZXY  5.754012e+00  6.642808e+00  4.476490e-01
1.77828e-01    pb32  -30.221  139.779    -886.490    4901.090     -55.999 ZYX -6.115934e+00 -6.766237e+00  4.476490e-01
1.77828e-01    pb32  -30.221  139.779    -886.490    4901.090     -55.999 ZYY  8.480418e-01  7.425984e-01  4.476490e-01
3.65174e-01    pb32  -30.221  139.779    -886.490    4901.090     -55.999 ZXX -1.092368e-01 -6.874573e-02  2.725758e-01
3.65174e-01    pb32  -30.221  139.779    -886.490    4901.090     -55.999 ZXY  3.874328e+00  3.724929e+00  2.725758e-01
3.65174e-01    pb32  -30.221  139.779    -886.490    4901.090     -55.999 ZYX -3.981277e+00 -3.837448e+00  2.725758e-01
3.65174e-01    pb32  -30.221  139.779    -886.490    4901.090     -55.999 ZYY  3.454396e-01  3.700948e-01  2.725758e-01
7.49894e-01    pb32  -30.221  139.779    -886.490    4901.090     -55.999 ZXX -1.356227e-01  1.036780e-03  1.939114e-01
7.49894e-01    pb32  -30.221  139.779    -886.490    4901.090     -55.999 ZXY  3.172762e+00  1.976027e+00  1.939114e-01
7.49894e-01    pb32  -30.221  139.779    -886.490    4901.090     -55.999 ZYX -3.358590e+00 -2.216295e+00  2.059562e-01
7.49894e-01    pb32  -30.221  139.779    -886.490    4901.090     -55.999 ZYY  2.948170e-01  6.947331e-02  2.107641e-01
1.53993e+00    pb32  -30.221  139.779    -886.490    4901.090     -55.999 ZXX -1.326485e-01 -1.582533e-01  1.654898e-01
1.53993e+00    pb32  -30.221  139.779    -886.490    4901.090     -55.999 ZXY  2.998560e+00  1.084338e+00  1.824367e-01
1.53993e+00    pb32  -30.221  139.779    -886.490    4901.090     -55.999 ZYX -2.948152e+00 -1.478227e+00  1.819021e-01
1.53993e+00    pb32  -30.221  139.779    -886.490    4901.090     -55.999 ZYY  4.220811e-01 -3.569256e-02  1.974217e-01
3.16228e+00    pb32  -30.221  139.779    -886.490    4901.090     -55.999 ZXX -4.055983e-02 -2.751753e-01  2.584984e-01
3.16228e+00    pb32  -30.221  139.779    -886.490    4901.090     -55.999 ZXY  2.982040e+00  7.012212e-01  2.451134e-01
3.16228e+00    pb32  -30.221  139.779    -886.490    4901.090     -55.999 ZYX -2.610941e+00 -1.368085e+00  2.589259e-01
3.16228e+00    pb32  -30.221  139.779    -886.490    4901.090     -55.999 ZYY  4.779098e-01 -8.496167e-02  2.423614e-01
6.49382e+00    pb32  -30.221  139.779    -886.490    4901.090     -55.999 ZXX  3.162923e-01 -2.841713e-01  4.716109e-01
6.49382e+00    pb32  -30.221  139.779    -886.490    4901.090     -55.999 ZXY  2.728404e+00  6.189064e-01  4.142427e-01
6.49382e+00    pb32  -30.221  139.779    -886.490    4901.090     -55.999 ZYX -1.922337e+00 -1.384968e+00  4.358969e-01
6.49382e+00    pb32  -30.221  139.779    -886.490    4901.090     -55.999 ZYY  5.764567e-01  1.409327e-01  3.727770e-01
1.33352e+01    pb32  -30.221  139.779    -886.490    4901.090     -55.999 ZXX  2.079576e-01 -4.602788e-02  3.741252e-01
1.33352e+01    pb32  -30.221  139.779    -886.490    4901.090     -55.999 ZXY  2.550448e+00  1.048157e+00  3.935531e-01
1.33352e+01    pb32  -30.221  139.779    -886.490    4901.090     -55.999 ZYX -1.356810e+00 -1.134237e+00  3.782193e-01
1.33352e+01    pb32  -30.221  139.779    -886.490    4901.090     -55.999 ZYY  6.002739e-01  1.345138e-01  3.926239e-01
2.73842e+01    pb32  -30.221  139.779    -886.490    4901.090     -55.999 ZXX  2.309466e-01  1.547348e-01  1.997860e-01
2.73842e+01    pb32  -30.221  139.779    -886.490    4901.090     -55.999 ZXY  1.766679e+00  1.079078e+00  2.105257e-01
2.73842e+01    pb32  -30.221  139.779    -886.490    4901.090     -55.999 ZYX -6.489451e-01 -8.446628e-01  1.282592e-01
2.73842e+01    pb32  -30.221  139.779    -886.490    4901.090     -55.999 ZYY  3.750121e-01  1.942203e-01  1.404296e-01
5.62341e+01    pb32  -30.221  139.779    -886.490    4901.090     -55.999 ZXX  8.587295e-02  1.977195e-01  1.574218e-01
5.62341e+01    pb32  -30.221  139.779    -886.490    4901.090     -55.999 ZXY  1.313639e+00  9.971756e-01  1.684200e-01
5.62341e+01    pb32  -30.221  139.779    -886.490    4901.090     -55.999 ZYX -3.732392e-01 -5.866884e-01  1.205271e-01
5.62341e+01    pb32  -30.221  139.779    -886.490    4901.090     -55.999 ZYY  2.316751e-01  2.160070e-01  1.243538e-01
1.15478e+02    pb32  -30.221  139.779    -886.490    4901.090     -55.999 ZXX -9.634173e-03  1.522516e-01  1.570664e-01
1.15478e+02    pb32  -30.221  139.779    -886.490    4901.090     -55.999 ZXY  1.126265e+00  8.608840e-01  1.588622e-01
1.15478e+02    pb32  -30.221  139.779    -886.490    4901.090     -55.999 ZYX -3.118263e-01 -4.575636e-01  1.349118e-01
1.15478e+02    pb32  -30.221  139.779    -886.490    4901.090     -55.999 ZYY  2.069373e-01  1.655520e-01  1.301908e-01
2.05353e-02    pb33  -30.224  139.800   -1206.538    6906.565     -55.999 ZXX  1.438904e+00  1.344476e+00  1.340679e+00
2.05353e-02    pb33  -30.224  139.800   -1206.538    6906.565     -55.999 ZXY  1.750038e+01  1.899744e+01  1.340679e+00
2.05353e-02    pb33  -30.224  139.800   -1206.538    6906.565     -55.999 ZYX -1.899090e+01 -2.035041e+01  1.340679e+00
2.05353e-02    pb33  -30.224  139.800   -1206.538    6906.565     -55.999 ZYY -8.036403e-01 -3.309983e-01  1.340679e+00
4.21697e-02    pb33  -30.224  139.800   -1206.538    6906.565     -55.999 ZXX  9.434148e-01  9.745225e-01  9.250035e-01
4.21697e-02    pb33  -30.224  139.800   -1206.538    6906.565     -55.999 ZXY  1.223842e+01  1.288420e+01  9.250035e-01
4.21697e-02    pb33  -30.224  139.800   -1206.538    6906.565     -55.999 ZYX -1.336417e+01 -1.386872e+01  9.250035e-01
4.21697e-02    pb33  -30.224  139.800   -1206.538    6906.565     -55.999 ZYY -4.701055e-01  7.556327e-02  9.250035e-01
8.65964e-02    pb33  -30.224  139.800   -1206.538    6906.565     -55.999 ZXX  7.850885e-01  7.827278e-01  6.574398e-01
8.65964e-02    pb33  -30.224  139.800   -1206.538    6906.565     -55.999 ZXY  8.292341e+00  9.089133e+00  6.574398e-01
8.65964e-02    pb33  -30.224  139.800   -1206.538    6906.565     -55.999 ZYX -9.798330e+00 -1.007260e+01  6.574398e-01
8.65964e-02    pb33  -30.224  139.800   -1206.538    6906.565     -55.999 ZYY -4.557258e-01 -3.257149e-01  6.574398e-01
1.77828e-01    pb33  -30.224  139.800   -1206.538    6906.565     -55.999 ZXX  5.390029e-01  1.932374e-01  4.164774e-01
1.77828e-01    pb33  -30.224  139.800   -1206.538    6906.565     -55.999 ZXY  5.415775e+00  5.743858e+00  4.164774e-01
1.77828e-01    pb33  -30.224  139.800   -1206.538    6906.565     -55.999 ZYX -6.404553e+00 -6.018421e+00  4.164774e-01
1.77828e-01    pb33  -30.224  139.800   -1206.538    6906.565     -55.999 ZYY  2.738538e-01 -1.174397e-02  4.164774e-01
3.65174e-01    pb33  -30.224  139.800   -1206.538    6906.565     -55.999 ZXX  2.937498e-01  2.014345e-01  2.578113e-01
3.65174e-01    pb33  -30.224  139.800   -1206.538    6906.565     -55.999 ZXY  3.656814e+00  3.275269e+00  2.578113e-01
3.65174e-01    pb33  -30.224  139.800   -1206.538    6906.565     -55.999 ZYX -4.185213e+00 -3.437193e+00  2.667025e-01
3.65174e-01    pb33  -30.224  139.800   -1206.538    6906.565     -55.999 ZYY -1.565661e-01 -1.722646e-01  2.791800e-01
7.49894e-01    pb33  -30.224  139.800   -1206.538    6906.565     -55.999 ZXX  2.453277e-01  1.291832e-01  2.304454e-01
7.49894e-01    pb33  -30.224  139.800   -1206.538    6906.565     -55.999 ZXY  2.919498e+00  1.862970e+00  2.435362e-01
7.49894e-01    pb33  -30.224  139.800   -1206.538    6906.565     -55.999 ZYX -3.506082e+00 -2.175900e+00  2.556070e-01
7.49894e-01    pb33  -30.224  139.800   -1206.538    6906.565     -55.999 ZYY  4.456521e-05 -2.588187e-01  2.605340e-01
1.53993e+00    pb33  -30.224  139.800   -1206.538    6906.565     -55.999 ZXX  1.439089e-01 -5.211585e-02  2.461865e-01
1.53993e+00    pb33  -30.224  139.800   -1206.538    6906.565     -55.999 ZXY  2.757925e+00  1.091931e+00  2.546127e-01
1.53993e+00    pb33  -30.224  139.800   -1206.538    6906.565     -55.999 ZYX -3.066322e+00 -1.547446e+00  2.482240e-01
1.53993e+00    pb33  -30.224  139.800   -1206.538    6906.565     -55.999 ZYY  7.171979e-03 -2.071981e-01  2.474939e-01
3.16228e+00    pb33  -30.224  139.800   -1206.538    6906.565     -55.999 ZXX  2.690978e-01 -5.219469e-02  2.960427e-01
3.16228e+00    pb33  -30.224  139.800   -1206.538    6906.565     -55.999 ZXY  2.623507e+00  5.993054e-01  2.973729e-01
3.16228e+00    pb33  -30.224  139.800   -1206.538    6906.565     -55.999 ZYX -2.604228e+00 -1.304733e+00  2.542009e-01
3.16228e+00    pb33  -30.224  139.800   -1206.538    6906.565     -55.999 ZYY  8.361489e-02 -1.570647e-01  2.499772e-01
6.49382e+00    pb33  -30.224  139.800   -1206.538    6906.565     -55.999 ZXX  1.638494e-01 -5.821637e-02  4.973864e-01
6.49382e+00    pb33  -30.224  139.800   -1206.538    6906.565     -55.999 ZXY  2.690108e+00  3.472179e-01  4.792418e-01
6.49382e+00    pb33  -30.224  139.800   -1206.538    6906.565     -55.999 ZYX -2.067626e+00 -1.236932e+00  3.157563e-01
6.49382e+00    pb33  -30.224  139.800   -1206.538    6906.565     -55.999 ZYY  1.533080e-01 -4.669814e-02  2.997585e-01
1.33352e+01    pb33  -30.224  139.800   -1206.538    6906.565     -55.999 ZXX  3.846316e-01  6.593551e-01  6.309870e-01
1.33352e+01    pb33  -30.224  139.800   -1206.538    6906.565     -55.999 ZXY  2.797464e+00  1.404602e+00  6.447657e-01
1.33352e+01    pb33  -30.224  139.800   -1206.538    6906.565     -55.999 ZYX -1.340480e+00 -1.180988e+00  3.592248e-01
1.33352e+01    pb33  -30.224  139.800   -1206.538    6906.565     -55.999 ZYY  1.710301e-01 -3.959999e-02  3.764596e-01
2.73842e+01    pb33  -30.224  139.800   -1206.538    6906.565     -55.999 ZXX  3.812581e-01  4.196389e-01  5.118044e-01
2.73842e+01    pb33  -30.224  139.800   -1206.538    6906.565     -55.999 ZXY  1.763150e+00  9.197385e-01  4.191471e-01
2.73842e+01    pb33  -30.224  139.800   -1206.538    6906.565     -55.999 ZYX -6.398939e-01 -8.999886e-01  3.245227e-01
2.73842e+01    pb33  -30.224  139.800   -1206.538    6906.565     -55.999 ZYY  1.684788e-01  5.899428e-02  2.694244e-01
5.62341e+01    pb33  -30.224  139.800   -1206.538    6906.565     -55.999 ZXX  7.240050e-02 -7.253576e-02  5.286704e-01
5.62341e+01    pb33  -30.224  139.800   -1206.538    6906.565     -55.999 ZXY  1.083016e+00  1.113706e+00  4.829938e-01
5.62341e+01    pb33  -30.224  139.800   -1206.538    6906.565     -55.999 ZYX -6.930298e-01 -6.786190e-01  3.649582e-01
5.62341e+01    pb33  -30.224  139.800   -1206.538    6906.565     -55.999 ZYY  2.879110e-02  3.345410e-03  2.875921e-01
1.15478e+02    pb33  -30.224  139.800   -1206.538    6906.565     -55.999 ZXX -1.291072e-02  1.832655e-01  6.926541e-01
1.15478e+02    pb33  -30.224  139.800   -1206.538    6906.565     -55.999 ZXY  1.074263e+00  9.287897e-01  5.119984e-01
1.15478e+02    pb33  -30.224  139.800   -1206.538    6906.565     -55.999 ZYX -3.587360e-01 -6.294072e-01  4.839315e-01
1.15478e+02    pb33  -30.224  139.800   -1206.538    6906.565     -55.999 ZYY  7.472835e-02  1.528693e-01  3.465368e-01
2.05353e-02    pb35  -30.212  139.723      80.482    -531.893     -55.999 ZXX  9.950302e-01  1.038752e+00  1.624247e+00
2.05353e-02    pb35  -30.212  139.723      80.482    -531.893     -55.999 ZXY  2.163738e+01  2.661258e+01  1.624247e+00
2.05353e-02    pb35  -30.212  139.723      80.482    -531.893     -55.999 ZYX -1.960970e+01 -2.370800e+01  1.624247e+00
2.05353e-02    pb35  -30.212  139.723      80.482    -531.893     -55.999 ZYY -8.762838e-01 -9.311136e-01  1.624247e+00
4.21697e-02    pb35  -30.212  139.723      80.482    -531.893     -55.999 ZXX  6.018378e-01  6.792865e-01  1.070016e+00
4.21697e-02    pb35  -30.212  139.723      80.482    -531.893     -55.999 ZXY  1.412152e+01  1.778392e+01  1.070016e+00
4.21697e-02    pb35  -30.212  139.723      80.482    -531.893     -55.999 ZYX -1.278298e+01 -1.559861e+01  1.070016e+00
4.21697e-02    pb35  -30.212  139.723      80.482    -531.893     -55.999 ZYY -4.975416e-01 -5.186521e-01  1.070016e+00
8.65964e-02    pb35  -30.212  139.723      80.482    -531.893     -55.999 ZXX  4.091670e-01  4.179512e-01  7.209185e-01
8.65964e-02    pb35  -30.212  139.723      80.482    -531.893     -55.999 ZXY  9.308225e+00  1.205818e+01  7.209185e-01
8.65964e-02    pb35  -30.212  139.723      80.482    -531.893     -55.999 ZYX -8.666199e+00 -1.054263e+01  7.209185e-01
8.65964e-02    pb35  -30.212  139.723      80.482    -531.893     -55.999 ZYY -2.925088e-01 -3.518114e-01  7.209185e-01
1.77828e-01    pb35  -30.212  139.723      80.482    -531.893     -55.999 ZXX  4.103257e-01  1.237159e-01  5.152285e-01
1.77828e-01    pb35  -30.212  139.723      80.482    -531.893     -55.999 ZXY  6.396786e+00  8.564353e+00  5.152285e-01
1.77828e-01    pb35  -30.212  139.723      80.482    -531.893     -55.999 ZYX -6.143926e+00 -7.805462e+00  5.152285e-01
1.77828e-01    pb35  -30.212  139.723      80.482    -531.893     -55.999 ZYY  6.672902e-02 -9.643682e-02  5.152285e-01
3.65174e-01    pb35  -30.212  139.723      80.482    -531.893     -55.999 ZXX  1.189089e-01  1.750368e-01  2.905074e-01
3.65174e-01    pb35  -30.212  139.723      80.482    -531.893     -55.999 ZXY  4.137205e+00  4.213535e+00  2.905074e-01
3.65174e-01    pb35  -30.212  139.723      80.482    -531.893     -55.999 ZYX -4.165051e+00 -3.915755e+00  2.905074e-01
3.65174e-01    pb35  -30.212  139.723      80.482    -531.893     -55.999 ZYY -1.663977e-01 -2.041008e-01  2.905074e-01
7.49894e-01    pb35  -30.212  139.723      80.482    -531.893     -55.999 ZXX -4.421785e-02 -3.343473e-01  2.858184e-01
7.49894e-01    pb35  -30.212  139.723      80.482    -531.893     -55.999 ZXY  3.756072e+00  2.128796e+00  2.744800e-01
7.49894e-01    pb35  -30.212  139.723      80.482    -531.893     -55.999 ZYX -3.490693e+00 -2.427724e+00  2.142264e-01
7.49894e-01    pb35  -30.212  139.723      80.482    -531.893     -55.999 ZYY -6.499077e-02 -2.364475e-01  2.142264e-01
1.53993e+00    pb35  -30.212  139.723      80.482    -531.893     -55.999 ZXX  7.294565e-02 -7.404748e-02  2.809511e-01
1.53993e+00    pb35  -30.212  139.723      80.482    -531.893     -55.999 ZXY  3.223631e+00  9.708077e-01  2.639230e-01
1.53993e+00    pb35  -30.212  139.723      80.482    -531.893     -55.999 ZYX -3.020667e+00 -1.645279e+00  2.511566e-01
1.53993e+00    pb35  -30.212  139.723      80.482    -531.893     -55.999 ZYY  2.886127e-02 -1.894751e-01  2.360138e-01
3.16228e+00    pb35  -30.212  139.723      80.482    -531.893     -55.999 ZXX  6.126065e-02 -1.905710e-01  3.952157e-01
3.16228e+00    pb35  -30.212  139.723      80.482    -531.893     -55.999 ZXY  3.362701e+00  7.034620e-01  4.440018e-01
3.16228e+00    pb35  -30.212  139.723      80.482    -531.893     -55.999 ZYX -2.488770e+00 -1.451943e+00  3.415857e-01
3.16228e+00    pb35  -30.212  139.723      80.482    -531.893     -55.999 ZYY  7.661833e-02 -2.061715e-01  3.795273e-01
6.49382e+00    pb35  -30.212  139.723      80.482    -531.893     -55.999 ZXX -5.788265e-01 -3.132936e-01  8.063540e-01
6.49382e+00    pb35  -30.212  139.723      80.482    -531.893     -55.999 ZXY  3.844760e+00  8.787399e-01  7.171630e-01
6.49382e+00    pb35  -30.212  139.723      80.482    -531.893     -55.999 ZYX -1.379868e+00 -1.151815e+00  6.790516e-01
6.49382e+00    pb35  -30.212  139.723      80.482    -531.893     -55.999 ZYY  1.585925e-01 -2.726474e-01  6.062312e-01
1.33352e+01    pb35  -30.212  139.723      80.482    -531.893     -55.999 ZXX  7.735618e-01  3.788331e-01  7.226236e-01
1.33352e+01    pb35  -30.212  139.723      80.482    -531.893     -55.999 ZXY  2.916732e+00  1.669508e+00  7.891561e-01
1.33352e+01    pb35  -30.212  139.723      80.482    -531.893     -55.999 ZYX -1.003645e+00 -1.472028e+00  6.056743e-01
1.33352e+01    pb35  -30.212  139.723      80.482    -531.893     -55.999 ZYY  4.437805e-01 -1.554555e-01  6.682802e-01
2.73842e+01    pb35  -30.212  139.723      80.482    -531.893     -55.999 ZXX  3.961130e-01  2.368028e-01  1.116618e-01
2.73842e+01    pb35  -30.212  139.723      80.482    -531.893     -55.999 ZXY  2.000580e+00  1.435227e+00  1.232240e-01
2.73842e+01    pb35  -30.212  139.723      80.482    -531.893     -55.999 ZYX -5.217228e-01 -8.465629e-01  1.032287e-01
2.73842e+01    pb35  -30.212  139.723      80.482    -531.893     -55.999 ZYY  1.730407e-01  9.540495e-02  1.101002e-01
5.62341e+01    pb35  -30.212  139.723      80.482    -531.893     -55.999 ZXX  2.326040e-01  3.173899e-01  1.264900e-01
5.62341e+01    pb35  -30.212  139.723      80.482    -531.893     -55.999 ZXY  1.662079e+00  1.238733e+00  1.366245e-01
5.62341e+01    pb35  -30.212  139.723      80.482    -531.893     -55.999 ZYX -3.800587e-01 -6.665227e-01  1.147944e-01
5.62341e+01    pb35  -30.212  139.723      80.482    -531.893     -55.999 ZYY  1.579619e-01  1.025170e-01  1.211790e-01
1.15478e+02    pb35  -30.212  139.723      80.482    -531.893     -55.999 ZXX  6.157801e-02  2.931774e-01  2.277788e-01
1.15478e+02    pb35  -30.212  139.723      80.482    -531.893     -55.999 ZXY  1.378975e+00  1.137532e+00  2.251492e-01
1.15478e+02    pb35  -30.212  139.723      80.482    -531.893     -55.999 ZYX -2.307572e-01 -4.490987e-01  2.177103e-01
1.15478e+02    pb35  -30.212  139.723      80.482    -531.893     -55.999 ZYY  1.051669e-01  8.961366e-02  2.100999e-01
2.05353e-02    pb37  -30.210  139.716     207.441   -1237.034     -55.999 ZXX  1.316487e+00  1.351688e+00  1.810721e+00
2.05353e-02    pb37  -30.210  139.716     207.441   -1237.034     -55.999 ZXY  2.315760e+01  2.973678e+01  1.810721e+00
2.05353e-02    pb37  -30.210  139.716     207.441   -1237.034     -55.999 ZYX -2.192393e+01 -2.702096e+01  1.810721e+00
2.05353e-02    pb37  -30.210  139.716     207.441   -1237.034     -55.999 ZYY  2.381193e-01  5.300293e-01  1.810721e+00
4.21697e-02    pb37  -30.210  139.716     207.441   -1237.034     -55.999 ZXX  9.136055e-01  9.461119e-01  1.188461e+00
4.21697e-02    pb37  -30.210  139.716     207.441   -1237.034     -55.999 ZXY  1.470550e+01  1.956669e+01  1.188461e+00
4.21697e-02    pb37  -30.210  139.716     207.441   -1237.034     -55.999 ZYX -1.455841e+01 -1.791206e+01  1.188461e+00
4.21697e-02    pb37  -30.210  139.716     207.441   -1237.034     -55.999 ZYY  6.799424e-02  5.180418e-01  1.188461e+00
8.65964e-02    pb37  -30.210  139.716     207.441   -1237.034     -55.999 ZXX  8.100809e-01  7.662065e-01  7.788961e-01
8.65964e-02    pb37  -30.210  139.716     207.441   -1237.034     -55.999 ZXY  9.363938e+00  1.268412e+01  7.788961e-01
8.65964e-02    pb37  -30.210  139.716     207.441   -1237.034     -55.999 ZYX -9.799935e+00 -1.186905e+01  7.788961e-01
8.65964e-02    pb37  -30.210  139.716     207.441   -1237.034     -55.999 ZYY -1.341695e-01 -9.619696e-02  7.788961e-01
1.77828e-01    pb37  -30.210  139.716     207.441   -1237.034     -55.999 ZXX  5.770395e-01  3.855757e-01  5.091646e-01
1.77828e-01    pb37  -30.210  139.716     207.441   -1237.034     -55.999 ZXY  6.050500e+00  8.168354e+00  5.091646e-01
1.77828e-01    pb37  -30.210  139.716     207.441   -1237.034     -55.999 ZYX -6.470869e+00 -7.886536e+00  5.091646e-01
1.77828e-01    pb37  -30.210  139.716     207.441   -1237.034     -55.999 ZYY  1.986858e-02  2.483461e-01  5.091646e-01
3.65174e-01    pb37  -30.210  139.716     207.441   -1237.034     -55.999 ZXX  2.181063e-01  1.036619e-01  3.246342e-01
3.65174e-01    pb37  -30.210  139.716     207.441   -1237.034     -55.999 ZXY  4.895363e+00  4.431199e+00  3.246342e-01
3.65174e-01    pb37  -30.210  139.716     207.441   -1237.034     -55.999 ZYX -4.684412e+00 -4.337508e+00  3.246342e-01
3.65174e-01    pb37  -30.210  139.716     207.441   -1237.034     -55.999 ZYY  8.140250e-02  1.189844e-02  3.246342e-01
7.49894e-01    pb37  -30.210  139.716     207.441   -1237.034     -55.999 ZXX  2.687122e-01 -3.658959e+00  4.096812e-01
7.49894e-01    pb37  -30.210  139.716     207.441   -1237.034     -55.999 ZXY  5.821887e+00  2.517649e+00  3.083405e-01
7.49894e-01    pb37  -30.210  139.716     207.441   -1237.034     -55.999 ZYX -3.792375e+00 -3.870367e+00  2.931307e-01
7.49894e-01    pb37  -30.210  139.716     207.441   -1237.034     -55.999 ZYY  7.568897e-01 -6.410311e-03  2.931307e-01
1.53993e+00    pb37  -30.210  139.716     207.441   -1237.034     -55.999 ZXX  1.280023e-01  1.548119e-01  1.930654e-01
1.53993e+00    pb37  -30.210  139.716     207.441   -1237.034     -55.999 ZXY  3.578003e+00  9.707553e-01  1.930654e-01
1.53993e+00    pb37  -30.210  139.716     207.441   -1237.034     -55.999 ZYX -3.538454e+00 -1.911294e+00  1.930654e-01
1.53993e+00    pb37  -30.210  139.716     207.441   -1237.034     -55.999 ZYY  1.811682e-01 -2.658324e-01  1.930654e-01
3.16228e+00    pb37  -30.210  139.716     207.441   -1237.034     -55.999 ZXX  1.176995e-01 -4.412187e-02  1.815618e-01
3.16228e+00    pb37  -30.210  139.716     207.441   -1237.034     -55.999 ZXY  3.780272e+00  5.802940e-01  1.815618e-01
3.16228e+00    pb37  -30.210  139.716     207.441   -1237.034     -55.999 ZYX -3.001347e+00 -1.696610e+00  1.815618e-01
3.16228e+00    pb37  -30.210  139.716     207.441   -1237.034     -55.999 ZYY  3.291937e-01 -2.421160e-01  1.824328e-01
6.49382e+00    pb37  -30.210  139.716     207.441   -1237.034     -55.999 ZXX  3.249965e-01 -1.122089e-01  2.414344e-01
6.49382e+00    pb37  -30.210  139.716     207.441   -1237.034     -55.999 ZXY  3.868481e+00  9.126875e-01  2.018871e-01
6.49382e+00    pb37  -30.210  139.716     207.441   -1237.034     -55.999 ZYX -2.217420e+00 -1.626394e+00  2.829299e-01
6.49382e+00    pb37  -30.210  139.716     207.441   -1237.034     -55.999 ZYY  5.330740e-01 -8.361801e-02  2.319820e-01
1.33352e+01    pb37  -30.210  139.716     207.441   -1237.034     -55.999 ZXX  3.881874e-01  3.966482e-02  2.178942e-01
1.33352e+01    pb37  -30.210  139.716     207.441   -1237.034     -55.999 ZXY  3.381769e+00  1.611985e+00  2.100298e-01
1.33352e+01    pb37  -30.210  139.716     207.441   -1237.034     -55.999 ZYX -1.122094e+00 -1.508704e+00  2.760549e-01
1.33352e+01    pb37  -30.210  139.716     207.441   -1237.034     -55.999 ZYY  5.468660e-01  7.510670e-02  2.574423e-01
2.73842e+01    pb37  -30.210  139.716     207.441   -1237.034     -55.999 ZXX  2.888656e-01  2.245141e-01  9.528916e-02
2.73842e+01    pb37  -30.210  139.716     207.441   -1237.034     -55.999 ZXY  2.222560e+00  1.537523e+00  9.852086e-02
2.73842e+01    pb37  -30.210  139.716     207.441   -1237.034     -55.999 ZYX -5.825577e-01 -9.437505e-01  8.656377e-02
2.73842e+01    pb37  -30.210  139.716     207.441   -1237.034     -55.999 ZYY  3.515759e-01  1.794613e-01  8.656377e-02
5.62341e+01    pb37  -30.210  139.716     207.441   -1237.034     -55.999 ZXX  1.423521e-01  3.003010e-01  1.002283e-01
5.62341e+01    pb37  -30.210  139.716     207.441   -1237.034     -55.999 ZXY  1.742457e+00  1.345610e+00  1.030702e-01
5.62341e+01    pb37  -30.210  139.716     207.441   -1237.034     -55.999 ZYX -4.165257e-01 -6.909026e-01  9.644787e-02
5.62341e+01    pb37  -30.210  139.716     207.441   -1237.034     -55.999 ZYY  2.489638e-01  1.922676e-01  8.981245e-02
1.15478e+02    pb37  -30.210  139.716     207.441   -1237.034     -55.999 ZXX -1.947470e-02  2.302927e-01  1.285991e-01
1.15478e+02    pb37  -30.210  139.716     207.441   -1237.034     -55.999 ZXY  1.453500e+00  1.170876e+00  1.147074e-01
1.15478e+02    pb37  -30.210  139.716     207.441   -1237.034     -55.999 ZYX -3.123972e-01 -4.754018e-01  1.600481e-01
1.15478e+02    pb37  -30.210  139.716     207.441   -1237.034     -55.999 ZYY  2.334369e-01  1.915497e-01  1.342933e-01
2.05353e-02    pb39  -30.209  139.705     383.488   -2261.404     -55.999 ZXX -8.502702e-01 -1.203085e+00  1.780855e+00
2.05353e-02    pb39  -30.209  139.705     383.488   -2261.404     -55.999 ZXY  2.184182e+01  2.617772e+01  1.780855e+00
2.05353e-02    pb39  -30.209  139.705     383.488   -2261.404     -55.999 ZYX -2.388467e+01 -2.853155e+01  1.780855e+00
2.05353e-02    pb39  -30.209  139.705     383.488   -2261.404     -55.999 ZYY -2.767938e+00 -3.341182e+00  1.780855e+00
4.21697e-02    pb39  -30.209  139.705     383.488   -2261.404     -55.999 ZXX -7.046257e-01 -6.812117e-01  1.182942e+00
4.21697e-02    pb39  -30.209  139.705     383.488   -2261.404     -55.999 ZXY  1.454783e+01  1.748277e+01  1.182942e+00
4.21697e-02    pb39  -30.209  139.705     383.488   -2261.404     -55.999 ZYX -1.571162e+01 -1.894267e+01  1.182942e+00
4.21697e-02    pb39  -30.209  139.705     383.488   -2261.404     -55.999 ZYY -1.804653e+00 -1.982750e+00  1.182942e+00
8.65964e-02    pb39  -30.209  139.705     383.488   -2261.404     -55.999 ZXX -3.137923e-01 -3.744558e-01  7.787954e-01
8.65964e-02    pb39  -30.209  139.705     383.488   -2261.404     -55.999 ZXY  9.290510e+00  1.140503e+01  7.787954e-01
8.65964e-02    pb39  -30.209  139.705     383.488   -2261.404     -55.999 ZYX -1.068114e+01 -1.256663e+01  7.787954e-01
8.65964e-02    pb39  -30.209  139.705     383.488   -2261.404     -55.999 ZYY -1.470099e+00 -1.806782e+00  7.787954e-01
1.77828e-01    pb39  -30.209  139.705     383.488   -2261.404     -55.999 ZXX -2.157529e-01 -4.338147e-01  5.222056e-01
1.77828e-01    pb39  -30.209  139.705     383.488   -2261.404     -55.999 ZXY  6.334229e+00  7.738689e+00  5.222056e-01
1.77828e-01    pb39  -30.209  139.705     383.488   -2261.404     -55.999 ZYX -6.976672e+00 -8.384374e+00  5.222056e-01
1.77828e-01    pb39  -30.209  139.705     383.488   -2261.404     -55.999 ZYY -6.564898e-01 -8.585370e-01  5.222056e-01
3.65174e-01    pb39  -30.209  139.705     383.488   -2261.404     -55.999 ZXX -1.913357e-01 -1.110275e-01  3.210338e-01
3.65174e-01    pb39  -30.209  139.705     383.488   -2261.404     -55.999 ZXY  4.472551e+00  4.172869e+00  3.210338e-01
3.65174e-01    pb39  -30.209  139.705     383.488   -2261.404     -55.999 ZYX -4.985081e+00 -4.535445e+00  3.210338e-01
3.65174e-01    pb39  -30.209  139.705     383.488   -2261.404     -55.999 ZYY -6.683328e-01 -5.907144e-01  3.210338e-01
7.49894e-01    pb39  -30.209  139.705     383.488   -2261.404     -55.999 ZXX -4.854639e-01 -3.005201e-01  2.367137e-01
7.49894e-01    pb39  -30.209  139.705     383.488   -2261.404     -55.999 ZXY  3.813486e+00  2.201647e+00  2.367137e-01
7.49894e-01    pb39  -30.209  139.705     383.488   -2261.404     -55.999 ZYX -4.282732e+00 -2.750714e+00  2.367137e-01
7.49894e-01    pb39  -30.209  139.705     383.488   -2261.404     -55.999 ZYY -4.599779e-01 -4.787349e-01  2.367137e-01
1.53993e+00    pb39  -30.209  139.705     383.488   -2261.404     -55.999 ZXX -2.198983e-01 -1.115666e-01  1.956075e-01
1.53993e+00    pb39  -30.209  139.705     383.488   -2261.404     -55.999 ZXY  3.501999e+00  1.028788e+00  1.956075e-01
1.53993e+00    pb39  -30.209  139.705     383.488   -2261.404     -55.999 ZYX -3.669527e+00 -2.029045e+00  2.132649e-01
1.53993e+00    pb39  -30.209  139.705     383.488   -2261.404     -55.999 ZYY -3.270457e-01 -3.818682e-01  1.956075e-01
3.16228e+00    pb39  -30.209  139.705     383.488   -2261.404     -55.999 ZXX -1.040695e-01 -2.346820e-01  2.030709e-01
3.16228e+00    pb39  -30.209  139.705     383.488   -2261.404     -55.999 ZXY  3.690337e+00  6.043453e-01  2.034893e-01
3.16228e+00    pb39  -30.209  139.705     383.488   -2261.404     -55.999 ZYX -3.110497e+00 -1.760680e+00  2.319767e-01
3.16228e+00    pb39  -30.209  139.705     383.488   -2261.404     -55.999 ZYY -2.206125e-01 -3.044291e-01  2.294238e-01
6.49382e+00    pb39  -30.209  139.705     383.488   -2261.404     -55.999 ZXX  7.222884e-02 -2.800030e-01  2.895613e-01
6.49382e+00    pb39  -30.209  139.705     383.488   -2261.404     -55.999 ZXY  3.639212e+00  8.536757e-01  2.409998e-01
6.49382e+00    pb39  -30.209  139.705     383.488   -2261.404     -55.999 ZYX -2.374689e+00 -1.693758e+00  3.009125e-01
6.49382e+00    pb39  -30.209  139.705     383.488   -2261.404     -55.999 ZYY -1.019459e-01 -1.811301e-01  2.551944e-01
1.33352e+01    pb39  -30.209  139.705     383.488   -2261.404     -55.999 ZXX  3.401324e-01 -8.378936e-02  2.936162e-01
1.33352e+01    pb39  -30.209  139.705     383.488   -2261.404     -55.999 ZXY  3.124385e+00  1.320767e+00  2.577576e-01
1.33352e+01    pb39  -30.209  139.705     383.488   -2261.404     -55.999 ZYX -1.413414e+00 -1.464611e+00  2.867863e-01
1.33352e+01    pb39  -30.209  139.705     383.488   -2261.404     -55.999 ZYY  4.131313e-02 -7.940244e-02  2.644034e-01
2.73842e+01    pb39  -30.209  139.705     383.488   -2261.404     -55.999 ZXX  2.598811e-01  1.301200e-01  9.134410e-02
2.73842e+01    pb39  -30.209  139.705     383.488   -2261.404     -55.999 ZXY  2.118996e+00  1.343442e+00  9.578455e-02
2.73842e+01    pb39  -30.209  139.705     383.488   -2261.404     -55.999 ZYX -6.556722e-01 -9.977742e-01  9.649774e-02
2.73842e+01    pb39  -30.209  139.705     383.488   -2261.404     -55.999 ZYY  3.060807e-02 -3.816991e-02  9.080980e-02
5.62341e+01    pb39  -30.209  139.705     383.488   -2261.404     -55.999 ZXX  1.080327e-01  2.226510e-01  9.866489e-02
5.62341e+01    pb39  -30.209  139.705     383.488   -2261.404     -55.999 ZXY  1.662458e+00  1.274498e+00  1.020371e-01
5.62341e+01    pb39  -30.209  139.705     383.488   -2261.404     -55.999 ZYX -4.497628e-01 -7.582284e-01  9.046345e-02
5.62341e+01    pb39  -30.209  139.705     383.488   -2261.404     -55.999 ZYY  6.093402e-03  7.722301e-04  8.546637e-02
1.15478e+02    pb39  -30.209  139.705     383.488   -2261.404     -55.999 ZXX -3.581066e-02  2.040131e-01  1.263463e-01
1.15478e+02    pb39  -30.209  139.705     383.488   -2261.404     -55.999 ZXY  1.376548e+00  1.117149e+00  1.142594e-01
1.15478e+02    pb39  -30.209  139.705     383.488   -2261.404     -55.999 ZYX -3.262444e-01 -5.038465e-01  1.153339e-01
1.15478e+02    pb39  -30.209  139.705     383.488   -2261.404     -55.999 ZYY -2.968707e-03  2.540684e-02  9.777463e-02
2.05353e-02    pb40  -30.208  139.701     454.483   -2626.115     -55.999 ZXX -1.641567e+00 -1.879738e+00  1.799831e+00
2.05353e-02    pb40  -30.208  139.701     454.483   -2626.115     -55.999 ZXY  2.058980e+01  2.594800e+01  1.799831e+00
2.05353e-02    pb40  -30.208  139.701     454.483   -2626.115     -55.999 ZYX -2.472265e+01 -3.031475e+01  1.799831e+00
2.05353e-02    pb40  -30.208  139.701     454.483   -2626.115     -55.999 ZYY -6.528566e-01 -5.435223e-01  1.799831e+00
4.21697e-02    pb40  -30.208  139.701     454.483   -2626.115     -55.999 ZXX -1.096318e+00 -1.220488e+00  1.187701e+00
4.21697e-02    pb40  -30.208  139.701     454.483   -2626.115     -55.999 ZXY  1.336420e+01  1.701669e+01  1.187701e+00
4.21697e-02    pb40  -30.208  139.701     454.483   -2626.115     -55.999 ZYX -1.631076e+01 -2.034740e+01  1.187701e+00
4.21697e-02    pb40  -30.208  139.701     454.483   -2626.115     -55.999 ZYY -4.162250e-01 -2.117677e-01  1.187701e+00
8.65964e-02    pb40  -30.208  139.701     454.483   -2626.115     -55.999 ZXX -7.007589e-01 -8.892835e-01  8.057902e-01
8.65964e-02    pb40  -30.208  139.701     454.483   -2626.115     -55.999 ZXY  9.281174e+00  1.151065e+01  8.057902e-01
8.65964e-02    pb40  -30.208  139.701     454.483   -2626.115     -55.999 ZYX -1.101008e+01 -1.368580e+01  8.057902e-01
8.65964e-02    pb40  -30.208  139.701     454.483   -2626.115     -55.999 ZYY -3.678803e-01 -2.223141e-01  8.057902e-01
1.77828e-01    pb40  -30.208  139.701     454.483   -2626.115     -55.999 ZXX -3.931233e-01 -7.715140e-01  4.913869e-01
1.77828e-01    pb40  -30.208  139.701     454.483   -2626.115     -55.999 ZXY  5.968925e+00  6.374747e+00  4.913869e-01
1.77828e-01    pb40  -30.208  139.701     454.483   -2626.115     -55.999 ZYX -7.668153e+00 -7.969710e+00  4.913869e-01
1.77828e-01    pb40  -30.208  139.701     454.483   -2626.115     -55.999 ZYY -4.679904e-01  9.830329e-01  4.913869e-01
3.65174e-01    pb40  -30.208  139.701     454.483   -2626.115     -55.999 ZXX -3.935090e-01 -4.370185e-01  3.239081e-01
3.65174e-01    pb40  -30.208  139.701     454.483   -2626.115     -55.999 ZXY  4.539171e+00  3.467302e+00  3.239081e-01
3.65174e-01    pb40  -30.208  139.701     454.483   -2626.115     -55.999 ZYX -6.066576e+00 -4.144581e+00  3.239081e-01
3.65174e-01    pb40  -30.208  139.701     454.483   -2626.115     -55.999 ZYY -8.625700e-01  1.075267e-01  3.369342e-01
7.49894e-01    pb40  -30.208  139.701     454.483   -2626.115     -55.999 ZXX -4.173032e-01 -2.479237e-01  2.439209e-01
7.49894e-01    pb40  -30.208  139.701     454.483   -2626.115     -55.999 ZXY  3.649332e+00  2.031601e+00  2.660133e-01
7.49894e-01    pb40  -30.208  139.701     454.483   -2626.115     -55.999 ZYX -4.903856e+00 -2.901617e+00  2.933501e-01
7.49894e-01    pb40  -30.208  139.701     454.483   -2626.115     -55.999 ZYY -3.816571e-01 -3.988104e-01  3.243539e-01
1.53993e+00    pb40  -30.208  139.701     454.483   -2626.115     -55.999 ZXX -3.733607e-01 -1.782939e-01  2.006881e-01
1.53993e+00    pb40  -30.208  139.701     454.483   -2626.115     -55.999 ZXY  3.324649e+00  1.063086e+00  2.347404e-01
1.53993e+00    pb40  -30.208  139.701     454.483   -2626.115     -55.999 ZYX -4.066261e+00 -2.183642e+00  2.137002e-01
1.53993e+00    pb40  -30.208  139.701     454.483   -2626.115     -55.999 ZYY  1.087075e-01 -3.673554e-01  2.699296e-01
3.16228e+00    pb40  -30.208  139.701     454.483   -2626.115     -55.999 ZXX -3.406128e-01 -2.063046e-01  3.040132e-01
3.16228e+00    pb40  -30.208  139.701     454.483   -2626.115     -55.999 ZXY  3.310200e+00  5.749512e-01  3.908882e-01
3.16228e+00    pb40  -30.208  139.701     454.483   -2626.115     -55.999 ZYX -3.389403e+00 -1.796139e+00  3.118595e-01
3.16228e+00    pb40  -30.208  139.701     454.483   -2626.115     -55.999 ZYY  3.326207e-01 -5.127167e-01  3.890983e-01
6.49382e+00    pb40  -30.208  139.701     454.483   -2626.115     -55.999 ZXX -1.805500e-01 -6.953582e-01  6.339762e-01
6.49382e+00    pb40  -30.208  139.701     454.483   -2626.115     -55.999 ZXY  3.161652e+00  9.069380e-01  6.501968e-01
6.49382e+00    pb40  -30.208  139.701     454.483   -2626.115     -55.999 ZYX -1.565549e+00 -1.777396e+00  5.952053e-01
6.49382e+00    pb40  -30.208  139.701     454.483   -2626.115     -55.999 ZYY  1.045063e-01  1.794387e-01  6.025405e-01
1.33352e+01    pb40  -30.208  139.701     454.483   -2626.115     -55.999 ZXX  3.433127e-01 -2.466241e-01  4.522832e-01
1.33352e+01    pb40  -30.208  139.701     454.483   -2626.115     -55.999 ZXY  2.525769e+00  1.194123e+00  6.047029e-01
1.33352e+01    pb40  -30.208  139.701     454.483   -2626.115     -55.999 ZYX -1.190521e+00 -1.573811e+00  4.392502e-01
1.33352e+01    pb40  -30.208  139.701     454.483   -2626.115     -55.999 ZYY  2.302341e-01  3.672081e-01  5.693437e-01
2.73842e+01    pb40  -30.208  139.701     454.483   -2626.115     -55.999 ZXX  2.456497e-01  9.038415e-02  1.368812e-01
2.73842e+01    pb40  -30.208  139.701     454.483   -2626.115     -55.999 ZXY  1.862219e+00  1.270373e+00  1.752239e-01
2.73842e+01    pb40  -30.208  139.701     454.483   -2626.115     -55.999 ZYX -6.777985e-01 -1.045962e+00  1.311482e-01
2.73842e+01    pb40  -30.208  139.701     454.483   -2626.115     -55.999 ZYY  2.847098e-01  1.665033e-01  1.599464e-01
5.62341e+01    pb40  -30.208  139.701     454.483   -2626.115     -55.999 ZXX  1.117454e-01  1.737003e-01  1.177552e-01
5.62341e+01    pb40  -30.208  139.701     454.483   -2626.115     -55.999 ZXY  1.509185e+00  1.192084e+00  1.376620e-01
5.62341e+01    pb40  -30.208  139.701     454.483   -2626.115     -55.999 ZYX -4.273212e-01 -6.972226e-01  1.048838e-01
5.62341e+01    pb40  -30.208  139.701     454.483   -2626.115     -55.999 ZYY  1.699715e-01  1.379841e-01  1.144544e-01
1.15478e+02    pb40  -30.208  139.701     454.483   -2626.115     -55.999 ZXX -7.560129e-03  1.812172e-01  1.355620e-01
1.15478e+02    pb40  -30.208  139.701     454.483   -2626.115     -55.999 ZXY  1.335459e+00  1.074376e+00  1.605725e-01
1.15478e+02    pb40  -30.208  139.701     454.483   -2626.115     -55.999 ZYX -3.560693e-01 -5.250912e-01  1.151076e-01
1.15478e+02    pb40  -30.208  139.701     454.483   -2626.115     -55.999 ZYY  1.530990e-01  1.474346e-01  1.304594e-01
2.05353e-02    pb41  -30.207  139.696     546.513   -3166.286     -55.999 ZXX -2.811761e+00 -3.438422e+00  1.822270e+00
2.05353e-02    pb41  -30.207  139.696     546.513   -3166.286     -55.999 ZXY  2.172612e+01  2.644101e+01  1.822270e+00
2.05353e-02    pb41  -30.207  139.696     546.513   -3166.286     -55.999 ZYX -2.453819e+01 -3.007220e+01  1.822270e+00
2.05353e-02    pb41  -30.207  139.696     546.513   -3166.286     -55.999 ZYY -2.250704e+00 -2.774124e+00  1.822270e+00
4.21697e-02    pb41  -30.207  139.696     546.513   -3166.286     -55.999 ZXX -1.988203e+00 -2.209640e+00  1.221079e+00
4.21697e-02    pb41  -30.207  139.696     546.513   -3166.286     -55.999 ZXY  1.465509e+01  1.803474e+01  1.221079e+00
4.21697e-02    pb41  -30.207  139.696     546.513   -3166.286     -55.999 ZYX -1.612203e+01 -1.996930e+01  1.221079e+00
4.21697e-02    pb41  -30.207  139.696     546.513   -3166.286     -55.999 ZYY -1.294080e+00 -1.518979e+00  1.221079e+00
8.65964e-02    pb41  -30.207  139.696     546.513   -3166.286     -55.999 ZXX -1.134814e+00 -1.380596e+00  7.956321e-01
8.65964e-02    pb41  -30.207  139.696     546.513   -3166.286     -55.999 ZXY  9.285729e+00  1.163633e+01  7.956321e-01
8.65964e-02    pb41  -30.207  139.696     546.513   -3166.286     -55.999 ZYX -1.082801e+01 -1.311680e+01  7.956321e-01
8.65964e-02    pb41  -30.207  139.696     546.513   -3166.286     -55.999 ZYY -1.127639e+00 -1.511522e+00  7.956321e-01
1.77828e-01    pb41  -30.207  139.696     546.513   -3166.286     -55.999 ZXX -8.544010e-01 -1.071217e+00  5.289151e-01
1.77828e-01    pb41  -30.207  139.696     546.513   -3166.286     -55.999 ZXY  6.498232e+00  7.635879e+00  5.289151e-01
1.77828e-01    pb41  -30.207  139.696     546.513   -3166.286     -55.999 ZYX -7.320204e+00 -8.424195e+00  5.289151e-01
1.77828e-01    pb41  -30.207  139.696     546.513   -3166.286     -55.999 ZYY -4.352376e-01 -6.937885e-01  5.289151e-01
3.65174e-01    pb41  -30.207  139.696     546.513   -3166.286     -55.999 ZXX -5.920071e-01 -4.268410e-01  3.269329e-01
3.65174e-01    pb41  -30.207  139.696     546.513   -3166.286     -55.999 ZXY  4.544748e+00  4.152587e+00  3.269329e-01
3.65174e-01    pb41  -30.207  139.696     546.513   -3166.286     -55.999 ZYX -5.178338e+00 -4.627765e+00  3.269329e-01
3.65174e-01    pb41  -30.207  139.696     546.513   -3166.286     -55.999 ZYY -4.652367e-01 -4.672319e-01  3.269329e-01
7.49894e-01    pb41  -30.207  139.696     546.513   -3166.286     -55.999 ZXX -7.844933e-01 -2.778494e-01  2.420867e-01
7.49894e-01    pb41  -30.207  139.696     546.513   -3166.286     -55.999 ZXY  3.860269e+00  2.205472e+00  2.420867e-01
7.49894e-01    pb41  -30.207  139.696     546.513   -3166.286     -55.999 ZYX -4.495814e+00 -2.755097e+00  2.420867e-01
7.49894e-01    pb41  -30.207  139.696     546.513   -3166.286     -55.999 ZYY -2.612034e-01 -4.277517e-01  2.420867e-01
1.53993e+00    pb41  -30.207  139.696     546.513   -3166.286     -55.999 ZXX -5.355201e-01 -2.371811e-01  2.014244e-01
1.53993e+00    pb41  -30.207  139.696     546.513   -3166.286     -55.999 ZXY  3.619456e+00  1.064443e+00  2.014244e-01
1.53993e+00    pb41  -30.207  139.696     546.513   -3166.286     -55.999 ZYX -3.797300e+00 -2.020923e+00  2.014244e-01
1.53993e+00    pb41  -30.207  139.696     546.513   -3166.286     -55.999 ZYY -1.206584e-01 -3.731925e-01  2.014244e-01
3.16228e+00    pb41  -30.207  139.696     546.513   -3166.286     -55.999 ZXX -4.816674e-01 -3.435506e-01  1.892571e-01
3.16228e+00    pb41  -30.207  139.696     546.513   -3166.286     -55.999 ZXY  3.760865e+00  6.289862e-01  1.892571e-01
3.16228e+00    pb41  -30.207  139.696     546.513   -3166.286     -55.999 ZYX -3.253953e+00 -1.878767e+00  1.892571e-01
3.16228e+00    pb41  -30.207  139.696     546.513   -3166.286     -55.999 ZYY -1.483691e-02 -2.735633e-01  1.892571e-01
6.49382e+00    pb41  -30.207  139.696     546.513   -3166.286     -55.999 ZXX -1.618875e-01 -4.069416e-01  2.066078e-01
6.49382e+00    pb41  -30.207  139.696     546.513   -3166.286     -55.999 ZXY  3.686767e+00  8.820091e-01  1.699198e-01
6.49382e+00    pb41  -30.207  139.696     546.513   -3166.286     -55.999 ZYX -2.350304e+00 -1.753652e+00  1.690065e-01
6.49382e+00    pb41  -30.207  139.696     546.513   -3166.286     -55.999 ZYY  1.606703e-01 -1.854931e-01  1.667057e-01
1.33352e+01    pb41  -30.207  139.696     546.513   -3166.286     -55.999 ZXX  1.578607e-01 -2.148381e-01  1.954894e-01
1.33352e+01    pb41  -30.207  139.696     546.513   -3166.286     -55.999 ZXY  3.121715e+00  1.306779e+00  1.791304e-01
1.33352e+01    pb41  -30.207  139.696     546.513   -3166.286     -55.999 ZYX -1.325814e+00 -1.532033e+00  1.600752e-01
1.33352e+01    pb41  -30.207  139.696     546.513   -3166.286     -55.999 ZYY  2.159871e-01 -4.842831e-02  1.444817e-01
2.73842e+01    pb41  -30.207  139.696     546.513   -3166.286     -55.999 ZXX  1.384235e-01  1.675929e-02  9.032771e-02
2.73842e+01    pb41  -30.207  139.696     546.513   -3166.286     -55.999 ZXY  2.127259e+00  1.356554e+00  9.345139e-02
2.73842e+01    pb41  -30.207  139.696     546.513   -3166.286     -55.999 ZYX -6.447240e-01 -1.002079e+00  8.669355e-02
2.73842e+01    pb41  -30.207  139.696     546.513   -3166.286     -55.999 ZYY  1.819456e-01  4.927354e-02  8.669355e-02
5.62341e+01    pb41  -30.207  139.696     546.513   -3166.286     -55.999 ZXX  2.931533e-03  1.350823e-01  9.834219e-02
5.62341e+01    pb41  -30.207  139.696     546.513   -3166.286     -55.999 ZXY  1.654720e+00  1.289661e+00  1.001769e-01
5.62341e+01    pb41  -30.207  139.696     546.513   -3166.286     -55.999 ZYX -4.563184e-01 -7.531156e-01  7.390981e-02
5.62341e+01    pb41  -30.207  139.696     546.513   -3166.286     -55.999 ZYY  1.208677e-01  8.041407e-02  6.795926e-02
1.15478e+02    pb41  -30.207  139.696     546.513   -3166.286     -55.999 ZXX -1.254736e-01  1.103947e-01  1.277373e-01
1.15478e+02    pb41  -30.207  139.696     546.513   -3166.286     -55.999 ZXY  1.373587e+00  1.130531e+00  1.168343e-01
1.15478e+02    pb41  -30.207  139.696     546.513   -3166.286     -55.999 ZYX -3.525864e-01 -5.033085e-01  1.021155e-01
1.15478e+02    pb41  -30.207  139.696     546.513   -3166.286     -55.999 ZYY  9.567762e-02  9.055117e-02  8.997510e-02
2.05353e-02    pb42  -30.206  139.688     691.456   -3941.021     -55.999 ZXX -4.491535e-02 -2.014234e-01  1.900617e+00
2.05353e-02    pb42  -30.206  139.688     691.456   -3941.021     -55.999 ZXY  2.160234e+01  2.569282e+01  1.900617e+00
2.05353e-02    pb42  -30.206  139.688     691.456   -3941.021     -55.999 ZYX -2.787125e+01 -3.280431e+01  1.900617e+00
2.05353e-02    pb42  -30.206  139.688     691.456   -3941.021     -55.999 ZYY -1.783049e+00 -2.109020e+00  1.900617e+00
4.21697e-02    pb42  -30.206  139.688     691.456   -3941.021     -55.999 ZXX -1.354227e-01 -2.381612e-02  1.274380e+00
4.21697e-02    pb42  -30.206  139.688     691.456   -3941.021     -55.999 ZXY  1.440220e+01  1.765135e+01  1.274380e+00
4.21697e-02    pb42  -30.206  139.688     691.456   -3941.021     -55.999 ZYX -1.811358e+01 -2.202311e+01  1.274380e+00
4.21697e-02    pb42  -30.206  139.688     691.456   -3941.021     -55.999 ZYY -9.607540e-01 -1.015561e+00  1.274380e+00
8.65964e-02    pb42  -30.206  139.688     691.456   -3941.021     -55.999 ZXX  1.104283e-01  7.154512e-02  8.274035e-01
8.65964e-02    pb42  -30.206  139.688     691.456   -3941.021     -55.999 ZXY  9.034606e+00  1.138455e+01  8.274035e-01
8.65964e-02    pb42  -30.206  139.688     691.456   -3941.021     -55.999 ZYX -1.211089e+01 -1.443355e+01  8.274035e-01
8.65964e-02    pb42  -30.206  139.688     691.456   -3941.021     -55.999 ZYY -1.003369e+00 -1.254062e+00  8.274035e-01
1.77828e-01    pb42  -30.206  139.688     691.456   -3941.021     -55.999 ZXX  8.063520e-02 -1.635979e-01  5.553817e-01
1.77828e-01    pb42  -30.206  139.688     691.456   -3941.021     -55.999 ZXY  6.193578e+00  7.778519e+00  5.553817e-01
1.77828e-01    pb42  -30.206  139.688     691.456   -3941.021     -55.999 ZYX -8.259037e+00 -9.260659e+00  5.553817e-01
1.77828e-01    pb42  -30.206  139.688     691.456   -3941.021     -55.999 ZYY -2.762431e-01 -4.624392e-01  5.553817e-01
3.65174e-01    pb42  -30.206  139.688     691.456   -3941.021     -55.999 ZXX  5.288221e-02  9.483398e-02  3.427079e-01
3.65174e-01    pb42  -30.206  139.688     691.456   -3941.021     -55.999 ZXY  4.483887e+00  4.045577e+00  3.427079e-01
3.65174e-01    pb42  -30.206  139.688     691.456   -3941.021     -55.999 ZYX -5.918057e+00 -5.048847e+00  3.427079e-01
3.65174e-01    pb42  -30.206  139.688     691.456   -3941.021     -55.999 ZYY -3.953657e-01 -3.837727e-01  3.427079e-01
7.49894e-01    pb42  -30.206  139.688     691.456   -3941.021     -55.999 ZXX -2.017312e-01  9.302214e-02  2.570302e-01
7.49894e-01    pb42  -30.206  139.688     691.456   -3941.021     -55.999 ZXY  3.850965e+00  2.201717e+00  2.570302e-01
7.49894e-01    pb42  -30.206  139.688     691.456   -3941.021     -55.999 ZYX -5.128396e+00 -3.031170e+00  2.570302e-01
7.49894e-01    pb42  -30.206  139.688     691.456   -3941.021     -55.999 ZYY -1.927762e-01 -4.094244e-01  2.570302e-01
1.53993e+00    pb42  -30.206  139.688     691.456   -3941.021     -55.999 ZXX -7.789740e-02  1.613313e-02  2.200322e-01
1.53993e+00    pb42  -30.206  139.688     691.456   -3941.021     -55.999 ZXY  3.611163e+00  1.072872e+00  2.134133e-01
1.53993e+00    pb42  -30.206  139.688     691.456   -3941.021     -55.999 ZYX -4.295870e+00 -2.220937e+00  2.134133e-01
1.53993e+00    pb42  -30.206  139.688     691.456   -3941.021     -55.999 ZYY -3.501782e-02 -3.798759e-01  2.134133e-01
3.16228e+00    pb42  -30.206  139.688     691.456   -3941.021     -55.999 ZXX -5.592053e-02 -6.301783e-02  2.900087e-01
3.16228e+00    pb42  -30.206  139.688     691.456   -3941.021     -55.999 ZXY  3.756391e+00  6.214734e-01  2.922340e-01
3.16228e+00    pb42  -30.206  139.688     691.456   -3941.021     -55.999 ZYX -3.725343e+00 -2.140276e+00  2.022270e-01
3.16228e+00    pb42  -30.206  139.688     691.456   -3941.021     -55.999 ZYY  8.198092e-02 -2.793917e-01  2.022270e-01
6.49382e+00    pb42  -30.206  139.688     691.456   -3941.021     -55.999 ZXX  1.448306e-02 -3.658768e-01  4.248508e-01
6.49382e+00    pb42  -30.206  139.688     691.456   -3941.021     -55.999 ZXY  3.604094e+00  9.546803e-01  3.536459e-01
6.49382e+00    pb42  -30.206  139.688     691.456   -3941.021     -55.999 ZYX -2.664218e+00 -2.064591e+00  2.971956e-01
6.49382e+00    pb42  -30.206  139.688     691.456   -3941.021     -55.999 ZYY  2.717004e-01 -1.666784e-01  2.364537e-01
1.33352e+01    pb42  -30.206  139.688     691.456   -3941.021     -55.999 ZXX  4.121416e-01 -6.102063e-02  4.039074e-01
1.33352e+01    pb42  -30.206  139.688     691.456   -3941.021     -55.999 ZXY  3.013303e+00  1.377356e+00  3.679305e-01
1.33352e+01    pb42  -30.206  139.688     691.456   -3941.021     -55.999 ZYX -1.412355e+00 -1.734069e+00  3.055583e-01
1.33352e+01    pb42  -30.206  139.688     691.456   -3941.021     -55.999 ZYY  3.966262e-01 -2.107033e-02  2.601656e-01
2.73842e+01    pb42  -30.206  139.688     691.456   -3941.021     -55.999 ZXX  2.612415e-01  1.490965e-01  1.082285e-01
2.73842e+01    pb42  -30.206  139.688     691.456   -3941.021     -55.999 ZXY  2.061838e+00  1.339864e+00  1.134667e-01
2.73842e+01    pb42  -30.206  139.688     691.456   -3941.021     -55.999 ZYX -7.132983e-01 -1.138748e+00  9.088585e-02
2.73842e+01    pb42  -30.206  139.688     691.456   -3941.021     -55.999 ZYY  2.780756e-01  1.004545e-01  9.088585e-02
5.62341e+01    pb42  -30.206  139.688     691.456   -3941.021     -55.999 ZXX  9.166167e-02  2.404396e-01  1.312432e-01
5.62341e+01    pb42  -30.206  139.688     691.456   -3941.021     -55.999 ZXY  1.614491e+00  1.267791e+00  1.385840e-01
5.62341e+01    pb42  -30.206  139.688     691.456   -3941.021     -55.999 ZYX -5.066373e-01 -8.432246e-01  8.278160e-02
5.62341e+01    pb42  -30.206  139.688     691.456   -3941.021     -55.999 ZYY  1.947703e-01  1.329900e-01  7.614050e-02
1.15478e+02    pb42  -30.206  139.688     691.456   -3941.021     -55.999 ZXX -7.290544e-02  2.055278e-01  2.193436e-01
1.15478e+02    pb42  -30.206  139.688     691.456   -3941.021     -55.999 ZXY  1.346838e+00  1.080721e+00  2.159707e-01
1.15478e+02    pb42  -30.206  139.688     691.456   -3941.021     -55.999 ZYX -4.039632e-01 -5.619723e-01  1.014233e-01
1.15478e+02    pb42  -30.206  139.688     691.456   -3941.021     -55.999 ZYY  1.627941e-01  1.390881e-01  8.467705e-02
2.05353e-02    pb43  -30.204  139.677     866.449   -4929.859     -55.999 ZXX  1.185896e+00  1.486564e+00  1.685324e+00
2.05353e-02    pb43  -30.204  139.677     866.449   -4929.859     -55.999 ZXY  2.183395e+01  2.560520e+01  1.685324e+00
2.05353e-02    pb43  -30.204  139.677     866.449   -4929.859     -55.999 ZYX -2.174862e+01 -2.582474e+01  1.685324e+00
2.05353e-02    pb43  -30.204  139.677     866.449   -4929.859     -55.999 ZYY  1.974525e+00  3.059517e+00  1.685324e+00
4.21697e-02    pb43  -30.204  139.677     866.449   -4929.859     -55.999 ZXX  7.949290e-01  1.075191e+00  1.108419e+00
4.21697e-02    pb43  -30.204  139.677     866.449   -4929.859     -55.999 ZXY  1.368086e+01  1.708256e+01  1.108419e+00
4.21697e-02    pb43  -30.204  139.677     866.449   -4929.859     -55.999 ZYX -1.420622e+01 -1.738970e+01  1.108419e+00
4.21697e-02    pb43  -30.204  139.677     866.449   -4929.859     -55.999 ZYY  1.155843e+00  2.103611e+00  1.108419e+00
8.65964e-02    pb43  -30.204  139.677     866.449   -4929.859     -55.999 ZXX  5.493832e-01  6.386871e-01  7.516713e-01
8.65964e-02    pb43  -30.204  139.677     866.449   -4929.859     -55.999 ZXY  9.434339e+00  1.148144e+01  7.516713e-01
8.65964e-02    pb43  -30.204  139.677     866.449   -4929.859     -55.999 ZYX -9.713323e+00 -1.170257e+01  7.516713e-01
8.65964e-02    pb43  -30.204  139.677     866.449   -4929.859     -55.999 ZYY  7.186589e-01  1.190075e+00  7.516713e-01
1.77828e-01    pb43  -30.204  139.677     866.449   -4929.859     -55.999 ZXX  5.216693e-01  1.222305e-01  4.656592e-01
1.77828e-01    pb43  -30.204  139.677     866.449   -4929.859     -55.999 ZXY  6.282809e+00  5.974964e+00  4.656592e-01
1.77828e-01    pb43  -30.204  139.677     866.449   -4929.859     -55.999 ZYX -7.460169e+00 -6.664903e+00  4.656592e-01
1.77828e-01    pb43  -30.204  139.677     866.449   -4929.859     -55.999 ZYY  5.962506e-01  1.401420e+00  4.656592e-01
3.65174e-01    pb43  -30.204  139.677     866.449   -4929.859     -55.999 ZXX  3.690009e-01  6.447165e-02  3.126054e-01
3.65174e-01    pb43  -30.204  139.677     866.449   -4929.859     -55.999 ZXY  4.866374e+00  3.313203e+00  3.126054e-01
3.65174e-01    pb43  -30.204  139.677     866.449   -4929.859     -55.999 ZYX -5.598485e+00 -3.569590e+00  3.126054e-01
3.65174e-01    pb43  -30.204  139.677     866.449   -4929.859     -55.999 ZYY -2.171720e-01  5.794586e-01  3.126054e-01
7.49894e-01    pb43  -30.204  139.677     866.449   -4929.859     -55.999 ZXX  1.641535e-01  1.254345e-01  2.415543e-01
7.49894e-01    pb43  -30.204  139.677     866.449   -4929.859     -55.999 ZXY  3.932580e+00  2.055929e+00  2.633459e-01
7.49894e-01    pb43  -30.204  139.677     866.449   -4929.859     -55.999 ZYX -4.569866e+00 -2.603582e+00  2.606616e-01
7.49894e-01    pb43  -30.204  139.677     866.449   -4929.859     -55.999 ZYY  1.896607e-01 -5.766686e-02  2.804033e-01
1.53993e+00    pb43  -30.204  139.677     866.449   -4929.859     -55.999 ZXX  4.641326e-02  9.236389e-02  1.969337e-01
1.53993e+00    pb43  -30.204  139.677     866.449   -4929.859     -55.999 ZXY  3.601831e+00  1.048990e+00  2.031893e-01
1.53993e+00    pb43  -30.204  139.677     866.449   -4929.859     -55.999 ZYX -3.670438e+00 -1.904698e+00  1.969337e-01
1.53993e+00    pb43  -30.204  139.677     866.449   -4929.859     -55.999 ZYY  6.320556e-01 -2.721609e-01  2.176450e-01
3.16228e+00    pb43  -30.204  139.677     866.449   -4929.859     -55.999 ZXX  1.303448e-02 -4.334129e-02  2.178154e-01
3.16228e+00    pb43  -30.204  139.677     866.449   -4929.859     -55.999 ZXY  3.498108e+00  8.023097e-01  2.675005e-01
3.16228e+00    pb43  -30.204  139.677     866.449   -4929.859     -55.999 ZYX -3.096599e+00 -1.983966e+00  2.252740e-01
3.16228e+00    pb43  -30.204  139.677     866.449   -4929.859     -55.999 ZYY  5.992795e-01 -2.758399e-01  2.672881e-01
6.49382e+00    pb43  -30.204  139.677     866.449   -4929.859     -55.999 ZXX -3.926801e-02 -1.335443e-01  3.779952e-01
6.49382e+00    pb43  -30.204  139.677     866.449   -4929.859     -55.999 ZXY  3.177119e+00  8.859963e-01  3.591875e-01
6.49382e+00    pb43  -30.204  139.677     866.449   -4929.859     -55.999 ZYX -1.728392e+00 -1.721345e+00  3.455977e-01
6.49382e+00    pb43  -30.204  139.677     866.449   -4929.859     -55.999 ZYY  6.265206e-01  1.692179e-01  3.291462e-01
1.33352e+01    pb43  -30.204  139.677     866.449   -4929.859     -55.999 ZXX  3.110890e-01 -5.614685e-02  2.709861e-01
1.33352e+01    pb43  -30.204  139.677     866.449   -4929.859     -55.999 ZXY  2.837011e+00  1.262684e+00  3.394762e-01
1.33352e+01    pb43  -30.204  139.677     866.449   -4929.859     -55.999 ZYX -1.058288e+00 -1.381743e+00  2.103655e-01
1.33352e+01    pb43  -30.204  139.677     866.449   -4929.859     -55.999 ZYY  6.666823e-01  2.840613e-01  2.641742e-01
2.73842e+01    pb43  -30.204  139.677     866.449   -4929.859     -55.999 ZXX  2.913325e-01  2.151710e-01  1.317246e-01
2.73842e+01    pb43  -30.204  139.677     866.449   -4929.859     -55.999 ZXY  1.903356e+00  1.298803e+00  1.655664e-01
2.73842e+01    pb43  -30.204  139.677     866.449   -4929.859     -55.999 ZYX -5.327377e-01 -8.720198e-01  1.089077e-01
2.73842e+01    pb43  -30.204  139.677     866.449   -4929.859     -55.999 ZYY  4.846654e-01  3.206051e-01  1.308953e-01
5.62341e+01    pb43  -30.204  139.677     866.449   -4929.859     -55.999 ZXX  1.231391e-01  2.499789e-01  1.145737e-01
5.62341e+01    pb43  -30.204  139.677     866.449   -4929.859     -55.999 ZXY  1.502070e+00  1.212079e+00  1.336426e-01
5.62341e+01    pb43  -30.204  139.677     866.449   -4929.859     -55.999 ZYX -3.520270e-01 -5.567178e-01  8.901764e-02
5.62341e+01    pb43  -30.204  139.677     866.449   -4929.859     -55.999 ZYY  3.539809e-01  2.760793e-01  9.709489e-02
1.15478e+02    pb43  -30.204  139.677     866.449   -4929.859     -55.999 ZXX  9.675221e-03  2.404801e-01  1.217560e-01
1.15478e+02    pb43  -30.204  139.677     866.449   -4929.859     -55.999 ZXY  1.308451e+00  1.065345e+00  1.363863e-01
1.15478e+02    pb43  -30.204  139.677     866.449   -4929.859     -55.999 ZYX -3.156593e-01 -4.198643e-01  1.017785e-01
1.15478e+02    pb43  -30.204  139.677     866.449   -4929.859     -55.999 ZYY  2.969092e-01  2.863237e-01  1.098749e-01
2.05353e-02    pb44  -30.201  139.657    1206.538   -6906.565     -55.999 ZXX  6.441284e-01  1.075075e+00  1.988622e+00
2.05353e-02    pb44  -30.201  139.657    1206.538   -6906.565     -55.999 ZXY  2.515381e+01  3.055975e+01  1.988622e+00
2.05353e-02    pb44  -30.201  139.657    1206.538   -6906.565     -55.999 ZYX -2.516367e+01 -3.104864e+01  1.988622e+00
2.05353e-02    pb44  -30.201  139.657    1206.538   -6906.565     -55.999 ZYY -4.265367e-01 -3.865967e-01  1.988622e+00
4.21697e-02    pb44  -30.201  139.657    1206.538   -6906.565     -55.999 ZXX  3.812724e-01  7.996894e-01  1.299037e+00
4.21697e-02    pb44  -30.201  139.657    1206.538   -6906.565     -55.999 ZXY  1.560271e+01  2.032330e+01  1.299037e+00
4.21697e-02    pb44  -30.201  139.657    1206.538   -6906.565     -55.999 ZYX -1.605055e+01 -2.089063e+01  1.299037e+00
4.21697e-02    pb44  -30.201  139.657    1206.538   -6906.565     -55.999 ZYY -2.607499e-01 -1.078181e-01  1.299037e+00
8.65964e-02    pb44  -30.201  139.657    1206.538   -6906.565     -55.999 ZXX  2.706727e-01  3.863229e-01  8.584711e-01
8.65964e-02    pb44  -30.201  139.657    1206.538   -6906.565     -55.999 ZXY  1.057654e+01  1.340173e+01  8.584711e-01
8.65964e-02    pb44  -30.201  139.657    1206.538   -6906.565     -55.999 ZYX -1.060688e+01 -1.362499e+01  8.584711e-01
8.65964e-02    pb44  -30.201  139.657    1206.538   -6906.565     -55.999 ZYY -2.192023e-01 -1.471139e-01  8.584711e-01
1.77828e-01    pb44  -30.201  139.657    1206.538   -6906.565     -55.999 ZXX  3.411029e-01 -4.540251e-02  5.188623e-01
1.77828e-01    pb44  -30.201  139.657    1206.538   -6906.565     -55.999 ZXY  7.228333e+00  6.857655e+00  5.188623e-01
1.77828e-01    pb44  -30.201  139.657    1206.538   -6906.565     -55.999 ZYX -7.650026e+00 -7.634655e+00  5.188623e-01
1.77828e-01    pb44  -30.201  139.657    1206.538   -6906.565     -55.999 ZYY -4.766409e-01  9.692886e-01  5.188623e-01
3.65174e-01    pb44  -30.201  139.657    1206.538   -6906.565     -55.999 ZXX  1.990168e-01 -3.321282e-02  3.606349e-01
3.65174e-01    pb44  -30.201  139.657    1206.538   -6906.565     -55.999 ZXY  5.726852e+00  3.805941e+00  3.606349e-01
3.65174e-01    pb44  -30.201  139.657    1206.538   -6906.565     -55.999 ZYX -6.432756e+00 -3.982339e+00  3.606349e-01
3.65174e-01    pb44  -30.201  139.657    1206.538   -6906.565     -55.999 ZYY -8.314157e-01  2.431513e-02  3.606349e-01
7.49894e-01    pb44  -30.201  139.657    1206.538   -6906.565     -55.999 ZXX -2.076169e-02  1.191156e-01  2.811206e-01
7.49894e-01    pb44  -30.201  139.657    1206.538   -6906.565     -55.999 ZXY  4.732311e+00  2.264597e+00  2.811206e-01
7.49894e-01    pb44  -30.201  139.657    1206.538   -6906.565     -55.999 ZYX -5.233568e+00 -2.986121e+00  2.811206e-01
7.49894e-01    pb44  -30.201  139.657    1206.538   -6906.565     -55.999 ZYY -2.087973e-01 -4.609920e-01  2.919393e-01
1.53993e+00    pb44  -30.201  139.657    1206.538   -6906.565     -55.999 ZXX -1.659903e-01  6.922437e-02  2.354731e-01
1.53993e+00    pb44  -30.201  139.657    1206.538   -6906.565     -55.999 ZXY  4.422910e+00  1.136226e+00  2.354731e-01
1.53993e+00    pb44  -30.201  139.657    1206.538   -6906.565     -55.999 ZYX -4.218030e+00 -2.407785e+00  2.354731e-01
1.53993e+00    pb44  -30.201  139.657    1206.538   -6906.565     -55.999 ZYY  3.143689e-01 -4.106759e-01  2.354731e-01
3.16228e+00    pb44  -30.201  139.657    1206.538   -6906.565     -55.999 ZXX -1.780563e-01 -1.230813e-01  2.261657e-01
3.16228e+00    pb44  -30.201  139.657    1206.538   -6906.565     -55.999 ZXY  4.257999e+00  9.309889e-01  2.800409e-01
3.16228e+00    pb44  -30.201  139.657    1206.538   -6906.565     -55.999 ZYX -3.429838e+00 -2.129637e+00  2.350613e-01
3.16228e+00    pb44  -30.201  139.657    1206.538   -6906.565     -55.999 ZYY  3.670324e-01 -3.850775e-01  2.806839e-01
6.49382e+00    pb44  -30.201  139.657    1206.538   -6906.565     -55.999 ZXX -2.938320e-01 -1.625730e-02  4.256636e-01
6.49382e+00    pb44  -30.201  139.657    1206.538   -6906.565     -55.999 ZXY  3.763793e+00  1.232440e+00  4.227345e-01
6.49382e+00    pb44  -30.201  139.657    1206.538   -6906.565     -55.999 ZYX -1.696441e+00 -1.645071e+00  3.497809e-01
6.49382e+00    pb44  -30.201  139.657    1206.538   -6906.565     -55.999 ZYY  4.013949e-01  1.260447e-01  3.468542e-01
1.33352e+01    pb44  -30.201  139.657    1206.538   -6906.565     -55.999 ZXX  2.969118e-01 -1.106747e-01  3.459120e-01
1.33352e+01    pb44  -30.201  139.657    1206.538   -6906.565     -55.999 ZXY  3.330672e+00  1.645981e+00  4.168212e-01
1.33352e+01    pb44  -30.201  139.657    1206.538   -6906.565     -55.999 ZYX -1.093224e+00 -1.398896e+00  2.353759e-01
1.33352e+01    pb44  -30.201  139.657    1206.538   -6906.565     -55.999 ZYY  4.928284e-01  1.344252e-01  2.937722e-01
2.73842e+01    pb44  -30.201  139.657    1206.538   -6906.565     -55.999 ZXX  3.313874e-01  2.027379e-01  1.351451e-01
2.73842e+01    pb44  -30.201  139.657    1206.538   -6906.565     -55.999 ZXY  2.200177e+00  1.577616e+00  1.752069e-01
2.73842e+01    pb44  -30.201  139.657    1206.538   -6906.565     -55.999 ZYX -5.726485e-01 -9.535098e-01  1.162903e-01
2.73842e+01    pb44  -30.201  139.657    1206.538   -6906.565     -55.999 ZYY  3.577528e-01  2.316200e-01  1.426884e-01
5.62341e+01    pb44  -30.201  139.657    1206.538   -6906.565     -55.999 ZXX  1.511562e-01  2.732174e-01  1.227369e-01
5.62341e+01    pb44  -30.201  139.657    1206.538   -6906.565     -55.999 ZXY  1.763172e+00  1.438237e+00  1.479026e-01
5.62341e+01    pb44  -30.201  139.657    1206.538   -6906.565     -55.999 ZYX -3.949808e-01 -6.161369e-01  9.640271e-02
5.62341e+01    pb44  -30.201  139.657    1206.538   -6906.565     -55.999 ZYY  2.487377e-01  1.878825e-01  1.070995e-01
1.15478e+02    pb44  -30.201  139.657    1206.538   -6906.565     -55.999 ZXX  3.731979e-03  2.608493e-01  1.345044e-01
1.15478e+02    pb44  -30.201  139.657    1206.538   -6906.565     -55.999 ZXY  1.533791e+00  1.269619e+00  1.579447e-01
1.15478e+02    pb44  -30.201  139.657    1206.538   -6906.565     -55.999 ZYX -3.590244e-01 -4.590875e-01  1.087722e-01
1.15478e+02    pb44  -30.201  139.657    1206.538   -6906.565     -55.999 ZYY  2.120977e-01  1.978539e-01  1.229794e-01
# Created using MTpy calculated floor_abs error of 0% data rotated 0.0_deg clockwise from N
# Period(s) Code GG_Lat GG_Lon X(m) Y(m) Z(m) Component Real Imag Error
> Full_Vertical_Components
> exp(+i\omega t)
> []
> 0
> -30.212397 139.728396     -56.00
> 0 0
