1.000000000000000048e-04 9.342840635157209639e-03 4.000000000000000000e+01
1.000000000000000021e-03 8.275452969975929385e-01 4.000000000000000000e+02
1.000000000000000021e-02 7.330010703659112892e+01 4.199360319656843785e+03
2.000000000000000042e-02 2.826859232902586996e+02 8.095065698854675247e+03
4.000000000000000083e-02 1.130054874654828609e+03 1.616053761420914998e+04
8.000000000000000167e-02 2.841277213573655445e+03 3.247594715779090620e+04
1.000000000000000056e-01 4.222949916013199072e+03 4.017868457287824276e+04
2.000000000000000111e-01 1.526471963012359447e+04 7.853017467581311939e+04
4.000000000000000222e-01 5.619098901238679537e+04 1.390775781850181229e+05
8.000000000000000444e-01 1.590921948573989503e+05 1.964624990563222673e+05
1.300000000000000044e+00 2.563619987251810380e+05 1.931826224318074819e+05
2.299999999999999822e+00 3.435575969509702409e+05 1.318794054326704936e+05
4.299999999999999822e+00 3.844120070883856388e+05 8.170929449137941992e+04
8.300000000000000711e+00 3.960870119612780400e+05 3.465312331646888924e+04
1.300000000000000000e+01 4.011388952967441874e+05 7.001905462638144854e+03
2.300000000000000000e+01 4.018485247852404718e+05 -2.105998879216059868e+04
4.300000000000000000e+01 3.974457882554834359e+05 -6.294922873218890163e+04
8.300000000000000000e+01 3.781323106042495347e+05 -1.376289056742490793e+05
1.100000000000000000e+02 3.585410253333991859e+05 -1.826857770951935963e+05
2.100000000000000000e+02 2.392816532052544644e+05 -3.175374787948036101e+05
4.100000000000000000e+02 -9.226901098171329068e+04 -3.700707900016650674e+05
6.100000000000000000e+02 -3.334440920395492576e+05 -1.484588747226671549e+05
8.100000000000000000e+02 -2.800254813508518855e+05 1.749793410498042067e+05
1.000000000000000000e+03 -5.253561257897998438e-11 2.860000000000000000e+05
1.100000000000000000e+03 1.355061919117386278e+05 2.086612373048215522e+05
