1.000000000000000048e-04 2.335710158789302185e-08 1.000000000000000048e-04
1.000000000000000021e-03 2.068863242493982487e-06 1.000000000000000021e-03
1.000000000000000021e-02 1.832502675914777937e-04 1.049840079914210987e-02
2.000000000000000042e-02 7.067148082256467789e-04 2.023766424713668854e-02
4.000000000000000083e-02 2.825137186637071817e-03 4.040134403552287506e-02
8.000000000000000167e-02 7.103193033934138319e-03 8.118986789447726893e-02
1.000000000000000056e-01 1.055737479003299867e-02 1.004467114321955928e-01
2.000000000000000111e-01 3.816179907530898446e-02 1.963254366895327840e-01
4.000000000000000222e-01 1.404774725309669847e-01 3.476939454625453396e-01
8.000000000000000444e-01 3.977304871434973466e-01 4.911562476408056210e-01
1.300000000000000044e+00 6.409049968129525432e-01 4.829565560795187062e-01
2.299999999999999822e+00 8.588939923774256968e-01 3.296985135816762336e-01
4.299999999999999822e+00 9.610300177209640804e-01 2.042732362284485625e-01
8.300000000000000711e+00 9.902175299031951150e-01 8.663280829117221693e-02
1.300000000000000000e+01 1.002847238241860506e+00 1.750476365659536099e-02
2.300000000000000000e+01 1.004621311963101338e+00 -5.264997198040149984e-02
4.300000000000000000e+01 9.936144706387085579e-01 -1.573730718304722498e-01
8.300000000000000000e+01 9.453307765106238048e-01 -3.440722641856226449e-01
1.100000000000000000e+02 8.963525633334979981e-01 -4.567144427379840055e-01
2.100000000000000000e+02 5.982041330131361301e-01 -7.938436969870090731e-01
4.100000000000000000e+02 -2.306725274542832382e-01 -9.251769750041626272e-01
6.100000000000000000e+02 -8.336102300988731395e-01 -3.711471868066679169e-01
8.100000000000000000e+02 -7.000637033771296425e-01 4.374483526245105391e-01
1.000000000000000000e+03 -1.313390314474499688e-16 7.149999999999999689e-01
1.100000000000000000e+03 3.387654797793465677e-01 5.216530932620538907e-01
