1.000000000000000048e-04 1.224606353822377251e-18 2.000000000000000042e-02
1.000000000000000021e-03 1.224606353822377289e-17 2.000000000000000111e-01
1.000000000000000021e-02 3.665005351829556113e-02 2.099680159828421822e+00
2.000000000000000042e-02 1.413429616451293558e-01 4.047532849427337709e+00
4.000000000000000083e-02 5.650274373274143391e-01 8.080268807104575401e+00
8.000000000000000167e-02 1.420638606786827740e+00 1.623797357889545268e+01
1.000000000000000056e-01 2.111474958006599678e+00 2.008934228643911979e+01
2.000000000000000111e-01 7.632359815061796837e+00 3.926508733790655725e+01
4.000000000000000222e-01 2.809549450619339694e+01 6.953878909250906304e+01
8.000000000000000444e-01 7.954609742869946842e+01 9.823124952816112909e+01
1.300000000000000044e+00 1.281809993625905122e+02 9.659131121590374391e+01
2.299999999999999822e+00 1.717787984754851323e+02 6.593970271633524760e+01
4.299999999999999822e+00 1.922060035441928108e+02 4.085464724568971207e+01
8.300000000000000711e+00 1.980435059806390257e+02 1.732656165823444283e+01
1.300000000000000000e+01 2.005694476483720905e+02 3.500952731319072253e+00
2.300000000000000000e+01 2.009242623926202498e+02 -1.052999439608029952e+01
4.300000000000000000e+01 1.987228941277417107e+02 -3.147461436609444974e+01
8.300000000000000000e+01 1.890661553021247698e+02 -6.881445283712453431e+01
1.100000000000000000e+02 1.792705126666996023e+02 -9.134288854759680021e+01
2.100000000000000000e+02 1.196408266026272287e+02 -1.587687393974018164e+02
4.100000000000000000e+02 -4.613450549085664676e+01 -1.850353950008325228e+02
6.100000000000000000e+02 -1.667220460197746377e+02 -7.422943736133358072e+01
8.100000000000000000e+02 -1.400127406754259312e+02 8.748967052490210961e+01
1.000000000000000000e+03 -2.626780628948999219e-14 1.430000000000000000e+02
1.100000000000000000e+03 6.775309595586931266e+01 1.043306186524107773e+02
