1.00000e-04    8.382784e-05    2.454072e-01
1.25893e-04    1.276489e-04    3.082672e-01
1.58489e-04    1.943778e-04    3.872285e-01
1.99526e-04    2.959903e-04    4.864154e-01
2.51189e-04    4.507205e-04    6.110086e-01
3.16228e-04    6.863352e-04    7.675158e-01
3.98107e-04    1.045125e-03    9.641117e-01
5.01187e-04    1.591466e-03    1.211065e+00
6.30957e-04    2.423415e-03    1.521274e+00
7.94328e-04    3.690261e-03    1.910941e+00
1.00000e-03    5.619364e-03    2.400421e+00
1.25893e-03    8.556915e-03    3.015278e+00
1.58489e-03    1.303009e-02    3.787628e+00
1.99526e-03    1.984163e-02    4.757813e+00
2.51189e-03    3.021394e-02    5.976506e+00
3.16228e-03    4.600842e-02    7.507362e+00
3.98107e-03    7.005955e-02    9.430340e+00
5.01187e-03    1.066835e-01    1.184588e+01
6.30957e-03    1.624528e-01    1.488015e+01
7.94328e-03    2.473759e-01    1.869164e+01
1.00000e-02    3.766928e-01    2.347942e+01
1.25893e-02    5.736108e-01    2.949357e+01
1.58489e-02    8.734687e-01    3.704822e+01
1.99526e-02    1.330079e+00    4.653796e+01
2.51189e-02    2.025384e+00    5.845845e+01
3.16228e-02    3.084163e+00    7.343233e+01
3.98107e-02    4.696424e+00    9.224171e+01
5.01187e-02    7.151503e+00    1.158690e+02
6.30957e-02    1.088999e+01    1.455484e+02
7.94328e-02    1.658278e+01    1.828299e+02
1.00000e-01    2.354696e+01    2.180131e+02
1.12202e-01    2.739990e+01    2.420225e+02
1.20679e-01    3.129893e+01    2.601490e+02
1.25893e-01    3.395738e+01    2.706965e+02
1.41254e-01    4.248949e+01    3.025852e+02
1.45635e-01    4.537070e+01    3.097128e+02
1.58489e-01    5.343233e+01    3.378737e+02
1.75751e-01    6.548132e+01    3.723422e+02
1.77828e-01    6.709364e+01    3.767967e+02
1.99526e-01    8.370901e+01    4.194488e+02
2.12095e-01    9.494248e+01    4.450092e+02
2.23872e-01    1.041725e+02    4.659399e+02
2.51189e-01    1.292334e+02    5.164605e+02
2.55955e-01    1.344554e+02    5.271457e+02
2.58310e-01    1.367103e+02    5.297655e+02
2.81838e-01    1.605314e+02    5.709422e+02
3.08884e-01    1.908331e+02    6.183272e+02
3.16228e-01    1.981747e+02    6.286734e+02
3.54813e-01    2.437605e+02    6.892693e+02
3.72760e-01    2.662972e+02    7.156199e+02
3.98107e-01    2.981675e+02    7.516990e+02
4.46684e-01    3.627560e+02    8.149640e+02
4.49843e-01    3.679372e+02    8.198794e+02
5.01187e-01    4.384420e+02    8.773270e+02
5.42868e-01    4.985292e+02    9.173581e+02
5.62341e-01    5.247038e+02    9.358687e+02
6.30957e-01    6.226723e+02    9.890876e+02
6.55128e-01    6.572025e+02    1.005213e+03
7.07946e-01    7.303425e+02    1.034028e+03
7.90604e-01    8.420043e+02    1.066363e+03
7.94328e-01    8.469488e+02    1.068513e+03
8.91251e-01    9.696346e+02    1.090271e+03
9.28318e-01    1.015241e+03    1.094046e+03
9.54096e-01    1.046745e+03    1.094635e+03
1.00000e+00    1.096620e+03    1.097526e+03
1.12202e+00    1.224073e+03    1.090345e+03
1.15139e+00    1.254948e+03    1.085654e+03
1.25893e+00    1.347826e+03    1.068382e+03
1.38950e+00    1.449737e+03    1.038647e+03
1.41254e+00    1.465968e+03    1.033632e+03
1.58489e+00    1.575567e+03    9.873705e+02
1.67683e+00    1.626141e+03    9.621747e+02
1.77828e+00    1.674915e+03    9.333625e+02
1.99526e+00    1.763806e+03    8.727342e+02
2.02359e+00    1.774430e+03    8.653620e+02
2.23872e+00    1.840877e+03    8.082399e+02
2.44205e+00    1.892553e+03    7.576332e+02
2.51189e+00    1.907160e+03    7.416957e+02
2.81838e+00    1.963280e+03    6.755933e+02
2.94705e+00    1.981891e+03    6.486869e+02
3.16228e+00    2.010148e+03    6.107788e+02
3.33620e+00    2.029450e+03    5.807171e+02
3.54813e+00    2.049572e+03    5.479614e+02
3.55648e+00    2.050635e+03    5.465058e+02
3.98107e+00    2.081439e+03    4.884116e+02
4.29193e+00    2.098903e+03    4.515254e+02
4.46684e+00    2.107882e+03    4.319388e+02
5.01187e+00    2.129021e+03    3.799066e+02
5.17948e+00    2.132810e+03    3.625000e+02
5.62341e+00    2.146283e+03    3.285645e+02
6.25055e+00    2.158481e+03    2.861438e+02
6.30957e+00    2.159954e+03    2.812589e+02
7.07946e+00    2.170155e+03    2.381577e+02
7.54312e+00    2.175812e+03    2.148268e+02
7.94328e+00    2.179336e+03    1.966749e+02
8.91251e+00    2.187189e+03    1.584977e+02
9.10299e+00    2.188188e+03    1.510708e+02
1.00000e+01    2.192149e+03    1.212091e+02
1.09854e+01    2.194979e+03    9.251715e+01
1.12202e+01    2.196093e+03    8.546686e+01
1.19897e+01    2.194412e+03    6.608548e+01
1.25893e+01    2.196334e+03    5.051121e+01
1.32571e+01    2.198203e+03    3.286352e+01
1.41254e+01    2.204427e+03    1.420215e+01
1.58489e+01    2.200058e+03    -1.957950e+01
1.59986e+01    2.197876e+03    -1.354375e+01
1.77828e+01    2.200197e+03    -5.196114e+01
1.93070e+01    2.199909e+03    -7.729815e+01
1.99526e+01    2.203212e+03    -9.187886e+01
2.23872e+01    2.198537e+03    -1.239360e+02
2.32995e+01    2.198178e+03    -1.380321e+02
2.51189e+01    2.198675e+03    -1.636329e+02
2.81177e+01    2.187051e+03    -2.055222e+02
2.81838e+01    2.196198e+03    -2.095806e+02
3.16228e+01    2.197852e+03    -2.481530e+02
3.39322e+01    2.184581e+03    -2.871742e+02
3.54813e+01    2.190654e+03    -2.950667e+02
3.98107e+01    2.171529e+03    -3.418982e+02
4.09492e+01    2.158374e+03    -3.468337e+02
4.30887e+01    2.162041e+03    -3.608799e+02
4.46684e+01    2.191291e+03    -4.217521e+02
5.62341e+01    2.158760e+03    -5.400710e+02
5.96362e+01    2.125341e+03    -5.726921e+02
6.30957e+01    2.110749e+03    -5.936152e+02
7.07946e+01    2.092889e+03    -6.795105e+02
7.19686e+01    2.095174e+03    -6.758352e+02
7.94328e+01    2.051279e+03    -7.514115e+02
8.68512e+01    2.030400e+03    -8.285137e+02
8.91251e+01    2.053265e+03    -8.545197e+02
1.04811e+02    1.935984e+03    -1.005748e+03
1.12202e+02    1.937374e+03    -1.055082e+03
1.25893e+02    1.842469e+03    -1.185176e+03
1.26486e+02    1.851857e+03    -1.200305e+03
1.41254e+02    1.775359e+03    -1.313531e+03
1.52642e+02    1.706263e+03    -1.338810e+03
1.54853e+02    1.667065e+03    -1.378677e+03
1.58489e+02    1.639709e+03    -1.447185e+03
1.77828e+02    1.507461e+03    -1.595999e+03
1.84207e+02    1.450800e+03    -1.622346e+03
1.99526e+02    1.401223e+03    -1.723429e+03
2.22300e+02    1.151057e+03    -1.848610e+03
2.23872e+02    1.148010e+03    -1.868117e+03
2.51189e+02    8.876429e+02    -1.996583e+03
2.68269e+02    7.216864e+02    -2.049228e+03
2.81838e+02    5.925309e+02    -2.088501e+03
3.16228e+02    2.448630e+02    -2.149766e+03
3.23746e+02    1.727336e+02    -2.150783e+03
3.54813e+02    -1.539733e+02    -2.155360e+03
3.90694e+02    -4.945697e+02    -2.074156e+03
3.98107e+02    -5.687175e+02    -2.039294e+03
4.46684e+02    -1.029429e+03    -1.850271e+03
4.71486e+02    -1.243626e+03    -1.701017e+03
5.01187e+02    -1.473296e+03    -1.494706e+03
5.56511e+02    -1.802773e+03    -1.022233e+03
5.62341e+02    -1.823059e+03    -9.667557e+02
5.68987e+02    -1.835936e+03    -9.042562e+02
6.30957e+02    -1.996260e+03    -2.863710e+02
6.86649e+02    -1.950757e+03    3.048944e+02
7.07946e+02    -1.884932e+03    5.182272e+02
7.94328e+02    -1.364480e+03    1.279563e+03
8.28642e+02    -1.055704e+03    1.492565e+03
8.91251e+02    -4.114119e+02    1.682294e+03
1.00000e+03    6.753232e+02    1.308185e+03
1.12202e+03    1.005707e+03    2.817403e+02
1.25893e+03    5.043728e+02    -2.936894e+02
1.41254e+03    8.939805e+01    -2.652715e+02
1.58489e+03    -3.421499e+01    -1.022395e+02
1.77828e+03    -2.873526e+01    -4.912705e+01
1.99526e+03    -2.181443e+01    -1.122761e+01
2.23872e+03    -1.023985e+01    -5.523392e+00
2.51189e+03    -4.149472e+00    6.259261e-01
2.81838e+03    -1.444267e+00    8.890909e-01
3.16228e+03    2.091648e-01    -1.307955e-01
3.54813e+03    -2.761784e+00    -5.176364e-01
3.98107e+03    1.639773e-02    1.753125e-01
4.46684e+03    -1.177432e+00    1.036443e+00
5.01187e+03    2.353750e-01    1.327614e+00
5.62341e+03    1.418864e-01    1.170625e-01
6.30957e+03    2.097727e-02    -2.443182e-03
7.07946e+03    -7.910966e-01    -2.344659e-01
7.94328e+03    1.366136e+00    2.972898e-01
8.91251e+03    -2.344773e-01    6.491477e-02
1.00000e+04    3.456193e-01    2.981932e-01
