Format:           OCCAM2MTMOD_1.0
Model Name:       MODEL MADE BY MTPY.MODELING.OCCAM2D
Description:      SIMPLE INVERSION
Mesh File:        Occam2DMesh
Mesh Type:        PW2D
Statics File:     none
Prejudice File:   none
Binding Offset:      0.0
Num Layers:         50
     2    34
    9    2    2    2    2    2    2    2    2    2    2    2    2    2    2    2    2    2    2    2    2    2    2    2    2    2    2    2    2    2    2    2    2    9
     1    34
    9    2    2    2    2    2    2    2    2    2    2    2    2    2    2    2    2    2    2    2    2    2    2    2    2    2    2    2    2    2    2    2    2    9
     1    34
    9    2    2    2    2    2    2    2    2    2    2    2    2    2    2    2    2    2    2    2    2    2    2    2    2    2    2    2    2    2    2    2    2    9
     1    34
    9    2    2    2    2    2    2    2    2    2    2    2    2    2    2    2    2    2    2    2    2    2    2    2    2    2    2    2    2    2    2    2    2    9
     1    34
    9    2    2    2    2    2    2    2    2    2    2    2    2    2    2    2    2    2    2    2    2    2    2    2    2    2    2    2    2    2    2    2    2    9
     1    34
    9    2    2    2    2    2    2    2    2    2    2    2    2    2    2    2    2    2    2    2    2    2    2    2    2    2    2    2    2    2    2    2    2    9
     1    34
    9    2    2    2    2    2    2    2    2    2    2    2    2    2    2    2    2    2    2    2    2    2    2    2    2    2    2    2    2    2    2    2    2    9
     1    34
    9    2    2    2    2    2    2    2    2    2    2    2    2    2    2    2    2    2    2    2    2    2    2    2    2    2    2    2    2    2    2    2    2    9
     1    34
    9    2    2    2    2    2    2    2    2    2    2    2    2    2    2    2    2    2    2    2    2    2    2    2    2    2    2    2    2    2    2    2    2    9
     1    34
    9    2    2    2    2    2    2    2    2    2    2    2    2    2    2    2    2    2    2    2    2    2    2    2    2    2    2    2    2    2    2    2    2    9
     1    34
    9    2    2    2    2    2    2    2    2    2    2    2    2    2    2    2    2    2    2    2    2    2    2    2    2    2    2    2    2    2    2    2    2    9
     1    34
    9    2    2    2    2    2    2    2    2    2    2    2    2    2    2    2    2    2    2    2    2    2    2    2    2    2    2    2    2    2    2    2    2    9
     1    34
    9    2    2    2    2    2    2    2    2    2    2    2    2    2    2    2    2    2    2    2    2    2    2    2    2    2    2    2    2    2    2    2    2    9
     1    34
    9    2    2    2    2    2    2    2    2    2    2    2    2    2    2    2    2    2    2    2    2    2    2    2    2    2    2    2    2    2    2    2    2    9
     1    34
    9    2    2    2    2    2    2    2    2    2    2    2    2    2    2    2    2    2    2    2    2    2    2    2    2    2    2    2    2    2    2    2    2    9
     1    34
    9    2    2    2    2    2    2    2    2    2    2    2    2    2    2    2    2    2    2    2    2    2    2    2    2    2    2    2    2    2    2    2    2    9
     1    34
    9    2    2    2    2    2    2    2    2    2    2    2    2    2    2    2    2    2    2    2    2    2    2    2    2    2    2    2    2    2    2    2    2    9
     1    34
    9    2    2    2    2    2    2    2    2    2    2    2    2    2    2    2    2    2    2    2    2    2    2    2    2    2    2    2    2    2    2    2    2    9
     1    34
    9    2    2    2    2    2    2    2    2    2    2    2    2    2    2    2    2    2    2    2    2    2    2    2    2    2    2    2    2    2    2    2    2    9
     1    34
    9    2    2    2    2    2    2    2    2    2    2    2    2    2    2    2    2    2    2    2    2    2    2    2    2    2    2    2    2    2    2    2    2    9
     1    34
    9    2    2    2    2    2    2    2    2    2    2    2    2    2    2    2    2    2    2    2    2    2    2    2    2    2    2    2    2    2    2    2    2    9
     1    34
    9    2    2    2    2    2    2    2    2    2    2    2    2    2    2    2    2    2    2    2    2    2    2    2    2    2    2    2    2    2    2    2    2    9
     1    34
    9    2    2    2    2    2    2    2    2    2    2    2    2    2    2    2    2    2    2    2    2    2    2    2    2    2    2    2    2    2    2    2    2    9
     1    34
    9    2    2    2    2    2    2    2    2    2    2    2    2    2    2    2    2    2    2    2    2    2    2    2    2    2    2    2    2    2    2    2    2    9
     1    34
    9    2    2    2    2    2    2    2    2    2    2    2    2    2    2    2    2    2    2    2    2    2    2    2    2    2    2    2    2    2    2    2    2    9
     1    34
    9    2    2    2    2    2    2    2    2    2    2    2    2    2    2    2    2    2    2    2    2    2    2    2    2    2    2    2    2    2    2    2    2    9
     1    34
    9    2    2    2    2    2    2    2    2    2    2    2    2    2    2    2    2    2    2    2    2    2    2    2    2    2    2    2    2    2    2    2    2    9
     1    34
    9    2    2    2    2    2    2    2    2    2    2    2    2    2    2    2    2    2    2    2    2    2    2    2    2    2    2    2    2    2    2    2    2    9
     1    34
    9    2    2    2    2    2    2    2    2    2    2    2    2    2    2    2    2    2    2    2    2    2    2    2    2    2    2    2    2    2    2    2    2    9
     1    34
    9    2    2    2    2    2    2    2    2    2    2    2    2    2    2    2    2    2    2    2    2    2    2    2    2    2    2    2    2    2    2    2    2    9
     1    34
    9    2    2    2    2    2    2    2    2    2    2    2    2    2    2    2    2    2    2    2    2    2    2    2    2    2    2    2    2    2    2    2    2    9
     1    34
    9    2    2    2    2    2    2    2    2    2    2    2    2    2    2    2    2    2    2    2    2    2    2    2    2    2    2    2    2    2    2    2    2    9
     1    34
    9    2    2    2    2    2    2    2    2    2    2    2    2    2    2    2    2    2    2    2    2    2    2    2    2    2    2    2    2    2    2    2    2    9
     1    34
    9    2    2    2    2    2    2    2    2    2    2    2    2    2    2    2    2    2    2    2    2    2    2    2    2    2    2    2    2    2    2    2    2    9
     1    18
    9    4    4    4    4    4    4    4    4    4    4    4    4    4    4    4    4    9
     1    18
    9    4    4    4    4    4    4    4    4    4    4    4    4    4    4    4    4    9
     1    18
    9    4    4    4    4    4    4    4    4    4    4    4    4    4    4    4    4    9
     1    18
    9    4    4    4    4    4    4    4    4    4    4    4    4    4    4    4    4    9
     1    18
    9    4    4    4    4    4    4    4    4    4    4    4    4    4    4    4    4    9
     1    18
    9    4    4    4    4    4    4    4    4    4    4    4    4    4    4    4    4    9
     1    18
    9    4    4    4    4    4    4    4    4    4    4    4    4    4    4    4    4    9
     1    18
    9    4    4    4    4    4    4    4    4    4    4    4    4    4    4    4    4    9
     1    11
    9    8    8    4    8    4    8    8    8    8    9
     1    11
    9    8    8    4    8    4    8    8    8    8    9
     1    11
    9    8    8    4    8    4    8    8    8    8    9
     1    11
    9    8    8    4    8    4    8    8    8    8    9
     1    11
    9    8    8    4    8    4    8    8    8    8    9
     1    10
    9    8   12    8    4    8    8    8    8    9
     1    10
    9    8   12    8    4    8    8    8    8    9
    10     3
    9   64    9
NO. EXCEPTIONS:   0
