FORMAT:           OCCAM2MTDATA_1.0
TITLE:            MTpy-OccamDatafile, Profile=97.0 deg, Strike=7.0 deg
SITES:            15
   pb44
   pb43
   pb42
   pb41
   pb40
   pb39
   pb37
   pb35
   pb23
   pb25
   pb27
   pb29
   pb30
   pb32
   pb33
OFFSETS (M):      
   0.0
   2003.4
   3006.2
   3792.8
   4340.2
   4710.8
   5749.0
   6464.4
   7263.5
   7861.3
   8758.1
   9701.6
   10250.2
   11974.7
   14004.2
FREQUENCIES:      19
   7.812500e+01
   6.250000e+01
   4.687500e+01
   3.906250e+01
   3.125000e+01
   2.343750e+01
   1.953125e+01
   1.562500e+01
   1.171875e+01
   9.765625e+00
   7.812500e+00
   6.250000e+00
   4.687500e+00
   3.906250e+00
   3.125000e+00
   2.343750e+00
   1.953125e+00
   1.562500e+00
   1.171875e+00
DATA BLOCKS:      1140
SITE  FREQ  TYPE   DATUM    ERROR   
  1     1     1      0.8113   0.0434
  1     1     2     52.7366   2.8660
  1     1     5      0.8351   0.0434
  1     1     6     54.1683   2.8660
  1     2     1      0.7927   0.0434
  1     2     2     51.4605   2.8660
  1     2     5      0.8075   0.0434
  1     2     6     52.3340   2.8660
  1     3     1      0.8067   0.0434
  1     3     2     50.3912   2.8660
  1     3     5      0.8249   0.0434
  1     3     6     50.7841   2.8660
  1     4     1      0.7791   0.0434
  1     4     2     52.0109   2.8660
  1     4     5      0.7986   0.0434
  1     4     6     52.3894   2.8660
  1     5     1      0.7709   0.0434
  1     5     2     52.0546   2.8660
  1     5     5      0.7939   0.0434
  1     5     6     52.4016   2.8660
  1     6     1      0.7380   0.0434
  1     6     2     52.4919   2.8660
  1     6     5      0.7709   0.0434
  1     6     6     52.4795   2.8660
  1     7     1      0.7241   0.0434
  1     7     2     52.6396   2.8660
  1     7     5      0.7485   0.0434
  1     7     6     52.6980   2.8660
  1     8     1      0.6961   0.0434
  1     8     2     52.6552   2.8660
  1     8     5      0.7075   0.0434
  1     8     6     52.8926   2.8660
  1     9     1      0.7057   0.0434
  1     9     2     51.6329   2.8660
  1     9     5      0.7255   0.0434
  1     9     6     52.0384   2.8660
  1     10    1      0.6200   0.0434
  1     10    2     53.1932   2.8660
  1     10    5      0.6197   0.0434
  1     10    6     52.4863   2.8660
  1     11    1      0.6264   0.0434
  1     11    2     51.4918   2.8660
  1     11    5      0.6332   0.0434
  1     11    6     50.6400   2.8660
  1     12    1      0.5627   0.0434
  1     12    2     46.5726   2.8660
  1     12    5      0.6305   0.0434
  1     12    6     46.1051   2.8660
  1     13    1      0.5370   0.0434
  1     13    2     40.5859   2.8660
  1     13    5      0.5996   0.0434
  1     13    6     40.4851   2.8660
  1     14    1      0.5022   0.0434
  1     14    2     36.1435   2.8660
  1     14    5      0.5700   0.0434
  1     14    6     35.7201   2.8660
  1     15    1      0.5187   0.0434
  1     15    2     35.2073   2.8660
  1     15    5      0.6082   0.0434
  1     15    6     32.1872   2.8660
  1     16    1      0.5415   0.0434
  1     16    2     33.0603   2.8660
  1     16    5      0.6637   0.0434
  1     16    6     30.2134   2.8660
  1     17    1      0.5430   0.0434
  1     17    2     30.6872   2.8660
  1     17    5      0.6725   0.0434
  1     17    6     30.7842   2.8660
  1     18    1      0.5788   0.0434
  1     18    2     27.8650   2.8660
  1     18    5      0.7091   0.0434
  1     18    6     31.0901   2.8660
  1     19    1      0.6385   0.0434
  1     19    2     22.9177   2.8660
  1     19    5      0.7723   0.0434
  1     19    6     29.3914   2.8660
  2     1     1      0.6833   0.0434
  2     1     2     51.4242   2.8660
  2     1     5      0.6932   0.0434
  2     1     6     52.2811   2.8660
  2     2     1      0.6624   0.0434
  2     2     2     50.4580   2.8660
  2     2     5      0.6550   0.0434
  2     2     6     51.1934   2.8660
  2     3     1      0.6757   0.0434
  2     3     2     49.5133   2.8660
  2     3     5      0.6678   0.0434
  2     3     6     49.5991   2.8660
  2     4     1      0.6488   0.0434
  2     4     2     51.0308   2.8660
  2     4     5      0.6459   0.0434
  2     4     6     50.7249   2.8660
  2     5     1      0.6417   0.0434
  2     5     2     51.0559   2.8660
  2     5     5      0.6437   0.0434
  2     5     6     50.6773   2.8660
  2     6     1      0.6107   0.0434
  2     6     2     51.4309   2.8660
  2     6     5      0.6230   0.0434
  2     6     6     50.6450   2.8660
  2     7     1      0.6013   0.0434
  2     7     2     51.5125   2.8660
  2     7     5      0.6069   0.0434
  2     7     6     50.8557   2.8660
  2     8     1      0.5775   0.0434
  2     8     2     51.6628   2.8660
  2     8     5      0.5596   0.0434
  2     8     6     51.5803   2.8660
  2     9     1      0.5936   0.0434
  2     9     2     50.5211   2.8660
  2     9     5      0.6095   0.0434
  2     9     6     50.1395   2.8660
  2     10    1      0.5070   0.0434
  2     10    2     52.7874   2.8660
  2     10    5      0.4687   0.0434
  2     10    6     51.1473   2.8660
  2     11    1      0.5184   0.0434
  2     11    2     51.3173   2.8660
  2     11    5      0.5136   0.0434
  2     11    6     49.6028   2.8660
  2     12    1      0.4511   0.0434
  2     12    2     46.2720   2.8660
  2     12    5      0.5492   0.0434
  2     12    6     42.6301   2.8660
  2     13    1      0.4300   0.0434
  2     13    2     40.5936   2.8660
  2     13    5      0.5312   0.0434
  2     13    6     38.5877   2.8660
  2     14    1      0.3913   0.0434
  2     14    2     36.9232   2.8660
  2     14    5      0.4612   0.0434
  2     14    6     35.7986   2.8660
  2     15    1      0.3976   0.0434
  2     15    2     36.4104   2.8660
  2     15    5      0.4966   0.0434
  2     15    6     32.6800   2.8660
  2     16    1      0.4117   0.0439
  2     16    2     33.6032   2.8953
  2     16    5      0.5303   0.0434
  2     16    6     30.7250   2.8660
  2     17    1      0.4336   0.0496
  2     17    2     31.8351   3.2738
  2     17    5      0.5232   0.0434
  2     17    6     31.0972   2.8660
  2     18    1      0.4434   0.0514
  2     18    2     29.9923   3.3956
  2     18    5      0.6069   0.0434
  2     18    6     31.2646   2.8660
  2     19    1      0.4984   0.0514
  2     19    2     25.3551   3.3947
  2     19    5      0.6300   0.0447
  2     19    6     28.7664   2.9488
  3     1     1      0.7029   0.0434
  3     1     2     52.3398   2.8660
  3     1     5      0.9007   0.0434
  3     1     6     52.4459   2.8660
  3     2     1      0.6667   0.0434
  3     2     2     51.0269   2.8660
  3     2     5      0.8767   0.0434
  3     2     6     50.5326   2.8660
  3     3     1      0.6613   0.0434
  3     3     2     49.7950   2.8660
  3     3     5      0.8873   0.0434
  3     3     6     49.5023   2.8660
  3     4     1      0.6668   0.0434
  3     4     2     51.1307   2.8660
  3     4     5      0.8689   0.0434
  3     4     6     50.7880   2.8660
  3     5     1      0.6476   0.0434
  3     5     2     51.4930   2.8660
  3     5     5      0.8607   0.0434
  3     5     6     50.6815   2.8660
  3     6     1      0.6385   0.0434
  3     6     2     50.7575   2.8660
  3     6     5      0.8377   0.0434
  3     6     6     50.5591   2.8660
  3     7     1      0.6330   0.0434
  3     7     2     51.0472   2.8660
  3     7     5      0.8298   0.0434
  3     7     6     50.8591   2.8660
  3     8     1      0.5882   0.0434
  3     8     2     51.6507   2.8660
  3     8     5      0.7811   0.0434
  3     8     6     51.6837   2.8660
  3     9     1      0.5594   0.0434
  3     9     2     51.4321   2.8660
  3     9     5      0.8041   0.0434
  3     9     6     49.8610   2.8660
  3     10    1      0.5016   0.0434
  3     10    2     53.0939   2.8660
  3     10    5      0.6945   0.0434
  3     10    6     52.0531   2.8660
  3     11    1      0.5422   0.0434
  3     11    2     51.3797   2.8660
  3     11    5      0.7324   0.0434
  3     11    6     50.7451   2.8660
  3     12    1      0.5626   0.0434
  3     12    2     52.1938   2.8660
  3     12    5      0.7535   0.0434
  3     12    6     49.0307   2.8660
  3     13    1      0.5184   0.0434
  3     13    2     50.1770   2.8660
  3     13    5      0.7218   0.0434
  3     13    6     46.9161   2.8660
  3     14    1      0.4487   0.0434
  3     14    2     46.7804   2.8660
  3     14    5      0.6614   0.0434
  3     14    6     45.2365   2.8660
  3     15    1      0.4274   0.0434
  3     15    2     44.0346   2.8660
  3     15    5      0.6536   0.0434
  3     15    6     42.5022   2.8660
  3     16    1      0.4128   0.0434
  3     16    2     39.4811   2.8660
  3     16    5      0.6547   0.0434
  3     16    6     38.2545   2.8660
  3     17    1      0.4192   0.0434
  3     17    2     36.1544   2.8660
  3     17    5      0.6631   0.0434
  3     17    6     35.5128   2.8660
  3     18    1      0.4404   0.0434
  3     18    2     32.3168   2.8660
  3     18    5      0.6956   0.0434
  3     18    6     32.8447   2.8660
  3     19    1      0.4970   0.0434
  3     19    2     26.6172   2.8660
  3     19    5      0.7567   0.0434
  3     19    6     29.7467   2.8660
  4     1     1      0.7316   0.0434
  4     1     2     53.5773   2.8660
  4     1     5      0.8106   0.0434
  4     1     6     54.1464   2.8660
  4     2     1      0.6942   0.0434
  4     2     2     51.9125   2.8660
  4     2     5      0.7828   0.0434
  4     2     6     51.9702   2.8660
  4     3     1      0.6866   0.0434
  4     3     2     50.3885   2.8660
  4     3     5      0.7895   0.0434
  4     3     6     50.6074   2.8660
  4     4     1      0.6914   0.0434
  4     4     2     51.5767   2.8660
  4     4     5      0.7715   0.0434
  4     4     6     51.7490   2.8660
  4     5     1      0.6716   0.0434
  4     5     2     51.7409   2.8660
  4     5     5      0.7623   0.0434
  4     5     6     51.4413   2.8660
  4     6     1      0.6642   0.0434
  4     6     2     50.8380   2.8660
  4     6     5      0.7389   0.0434
  4     6     6     51.0967   2.8660
  4     7     1      0.6587   0.0434
  4     7     2     50.9206   2.8660
  4     7     5      0.7314   0.0434
  4     7     6     51.2473   2.8660
  4     8     1      0.6169   0.0434
  4     8     2     51.4650   2.8660
  4     8     5      0.6841   0.0434
  4     8     6     52.1231   2.8660
  4     9     1      0.5899   0.0434
  4     9     2     51.2010   2.8660
  4     9     5      0.7073   0.0434
  4     9     6     50.3427   2.8660
  4     10    1      0.5347   0.0434
  4     10    2     53.2118   2.8660
  4     10    5      0.6001   0.0434
  4     10    6     52.6540   2.8660
  4     11    1      0.5773   0.0434
  4     11    2     51.6182   2.8660
  4     11    5      0.6376   0.0434
  4     11    6     51.3520   2.8660
  4     12    1      0.5765   0.0434
  4     12    2     50.1240   2.8660
  4     12    5      0.6544   0.0434
  4     12    6     49.7151   2.8660
  4     13    1      0.5386   0.0434
  4     13    2     48.4904   2.8660
  4     13    5      0.6200   0.0434
  4     13    6     47.8900   2.8660
  4     14    1      0.4775   0.0434
  4     14    2     46.9939   2.8660
  4     14    5      0.5545   0.0434
  4     14    6     46.4782   2.8660
  4     15    1      0.4567   0.0434
  4     15    2     44.2763   2.8660
  4     15    5      0.5470   0.0434
  4     15    6     43.9324   2.8660
  4     16    1      0.4372   0.0434
  4     16    2     39.8695   2.8660
  4     16    5      0.5476   0.0434
  4     16    6     39.5262   2.8660
  4     17    1      0.4394   0.0434
  4     17    2     36.9695   2.8660
  4     17    5      0.5518   0.0434
  4     17    6     36.7589   2.8660
  4     18    1      0.4529   0.0434
  4     18    2     32.6666   2.8660
  4     18    5      0.5792   0.0434
  4     18    6     33.8819   2.8660
  4     19    1      0.5134   0.0434
  4     19    2     26.5146   2.8660
  4     19    5      0.6402   0.0434
  4     19    6     30.5901   2.8660
  5     1     1      0.6769   0.0434
  5     1     2     54.8183   2.8660
  5     1     5      0.8036   0.0434
  5     1     6     54.6560   2.8660
  5     2     1      0.6527   0.0434
  5     2     2     53.0874   2.8660
  5     2     5      0.7769   0.0434
  5     2     6     52.4768   2.8660
  5     3     1      0.6640   0.0434
  5     3     2     51.3374   2.8660
  5     3     5      0.7953   0.0434
  5     3     6     50.5469   2.8660
  5     4     1      0.6376   0.0434
  5     4     2     52.5169   2.8660
  5     4     5      0.7692   0.0434
  5     4     6     51.9235   2.8660
  5     5     1      0.6319   0.0434
  5     5     2     52.0680   2.8660
  5     5     5      0.7672   0.0434
  5     5     6     51.5706   2.8660
  5     6     1      0.6041   0.0434
  5     6     2     51.8647   2.8660
  5     6     5      0.7512   0.0434
  5     6     6     51.2509   2.8660
  5     7     1      0.5961   0.0434
  5     7     2     51.6675   2.8660
  5     7     5      0.7355   0.0434
  5     7     6     51.2194   2.8660
  5     8     1      0.5788   0.0434
  5     8     2     51.7769   2.8660
  5     8     5      0.7050   0.0434
  5     8     6     51.4503   2.8660
  5     9     1      0.5917   0.0434
  5     9     2     51.0253   2.8660
  5     9     5      0.7289   0.0434
  5     9     6     51.0561   2.8660
  5     10    1      0.5193   0.0434
  5     10    2     53.3104   2.8660
  5     10    5      0.6347   0.0434
  5     10    6     51.9311   2.8660
  5     11    1      0.5302   0.0434
  5     11    2     52.0287   2.8660
  5     11    5      0.6460   0.0434
  5     11    6     50.7181   2.8660
  5     12    1      0.4739   0.0434
  5     12    2     49.5480   2.8660
  5     12    5      0.6419   0.0434
  5     12    6     46.9732   2.8660
  5     13    1      0.4195   0.0434
  5     13    2     44.7118   2.8660
  5     13    5      0.6007   0.0434
  5     13    6     42.2862   2.8660
  5     14    1      0.3706   0.0434
  5     14    2     40.5199   2.8660
  5     14    5      0.5590   0.0434
  5     14    6     37.6300   2.8660
  5     15    1      0.3761   0.0434
  5     15    2     39.3052   2.8660
  5     15    5      0.5793   0.0434
  5     15    6     34.7141   2.8660
  5     16    1      0.3900   0.0434
  5     16    2     36.8848   2.8660
  5     16    5      0.6162   0.0434
  5     16    6     32.5548   2.8660
  5     17    1      0.3762   0.0518
  5     17    2     33.7511   3.4212
  5     17    5      0.6189   0.0434
  5     17    6     33.0036   2.8660
  5     18    1      0.4069   0.0530
  5     18    2     31.0036   3.4984
  5     18    5      0.6519   0.0434
  5     18    6     32.6193   2.8660
  5     19    1      0.4377   0.0569
  5     19    2     27.2253   3.7540
  5     19    5      0.7154   0.0461
  5     19    6     29.3811   3.0422
  6     1     1      0.6973   0.0434
  6     1     2     53.0219   2.8660
  6     1     5      0.7801   0.0434
  6     1     6     53.2345   2.8660
  6     2     1      0.6695   0.0434
  6     2     2     51.5568   2.8660
  6     2     5      0.7530   0.0434
  6     2     6     51.2129   2.8660
  6     3     1      0.6727   0.0434
  6     3     2     49.9698   2.8660
  6     3     5      0.7644   0.0434
  6     3     6     49.8744   2.8660
  6     4     1      0.6599   0.0434
  6     4     2     51.1154   2.8660
  6     4     5      0.7442   0.0434
  6     4     6     51.0121   2.8660
  6     5     1      0.6384   0.0434
  6     5     2     51.1795   2.8660
  6     5     5      0.7366   0.0434
  6     5     6     50.6545   2.8660
  6     6     1      0.6331   0.0434
  6     6     2     50.2009   2.8660
  6     6     5      0.7140   0.0434
  6     6     6     50.3065   2.8660
  6     7     1      0.6282   0.0434
  6     7     2     50.2609   2.8660
  6     7     5      0.7085   0.0434
  6     7     6     50.4534   2.8660
  6     8     1      0.5894   0.0434
  6     8     2     50.8449   2.8660
  6     8     5      0.6641   0.0434
  6     8     6     51.2208   2.8660
  6     9     1      0.5666   0.0434
  6     9     2     50.6649   2.8660
  6     9     5      0.6918   0.0434
  6     9     6     49.4987   2.8660
  6     10    1      0.5133   0.0434
  6     10    2     52.5693   2.8660
  6     10    5      0.5858   0.0434
  6     10    6     51.9055   2.8660
  6     11    1      0.5572   0.0434
  6     11    2     51.0754   2.8660
  6     11    5      0.6233   0.0434
  6     11    6     50.7807   2.8660
  6     12    1      0.5620   0.0434
  6     12    2     51.2883   2.8660
  6     12    5      0.6468   0.0434
  6     12    6     50.7931   2.8660
  6     13    1      0.5234   0.0434
  6     13    2     49.7565   2.8660
  6     13    5      0.6099   0.0434
  6     13    6     49.1322   2.8660
  6     14    1      0.4627   0.0434
  6     14    2     47.5440   2.8660
  6     14    5      0.5455   0.0434
  6     14    6     46.7701   2.8660
  6     15    1      0.4365   0.0434
  6     15    2     45.2641   2.8660
  6     15    5      0.5329   0.0434
  6     15    6     44.2611   2.8660
  6     16    1      0.4207   0.0434
  6     16    2     40.2239   2.8660
  6     16    5      0.5328   0.0434
  6     16    6     40.0748   2.8660
  6     17    1      0.4173   0.0434
  6     17    2     37.6523   2.8660
  6     17    5      0.5322   0.0434
  6     17    6     37.0788   2.8660
  6     18    1      0.4207   0.0434
  6     18    2     34.2345   2.8660
  6     18    5      0.5607   0.0434
  6     18    6     34.4310   2.8660
  6     19    1      0.5051   0.0434
  6     19    2     26.4916   2.8660
  6     19    5      0.6162   0.0434
  6     19    6     31.7292   2.8660
  7     1     1      0.7782   0.0434
  7     1     2     54.5623   2.8660
  7     1     5      0.7200   0.0434
  7     1     6     54.7378   2.8660
  7     2     1      0.7554   0.0434
  7     2     2     53.6877   2.8660
  7     2     5      0.6955   0.0434
  7     2     6     52.4680   2.8660
  7     3     1      0.7635   0.0434
  7     3     2     51.9045   2.8660
  7     3     5      0.7038   0.0434
  7     3     6     50.6636   2.8660
  7     4     1      0.7343   0.0434
  7     4     2     53.4333   2.8660
  7     4     5      0.6815   0.0434
  7     4     6     51.7759   2.8660
  7     5     1      0.7177   0.0434
  7     5     2     53.3075   2.8660
  7     5     5      0.6751   0.0434
  7     5     6     51.3740   2.8660
  7     6     1      0.6987   0.0434
  7     6     2     53.1553   2.8660
  7     6     5      0.6569   0.0434
  7     6     6     50.7914   2.8660
  7     7     1      0.6904   0.0434
  7     7     2     53.1080   2.8660
  7     7     5      0.6501   0.0434
  7     7     6     50.8464   2.8660
  7     8     1      0.6557   0.0434
  7     8     2     53.2547   2.8660
  7     8     5      0.6170   0.0434
  7     8     6     50.9024   2.8660
  7     9     1      0.6292   0.0434
  7     9     2     53.5775   2.8660
  7     9     5      0.6282   0.0434
  7     9     6     50.2679   2.8660
  7     10    1      0.5822   0.0434
  7     10    2     54.2380   2.8660
  7     10    5      0.5522   0.0434
  7     10    6     52.3368   2.8660
  7     11    1      0.5896   0.0434
  7     11    2     54.4288   2.8660
  7     11    5      0.5684   0.0434
  7     11    6     50.7237   2.8660
  7     12    1      0.5812   0.0434
  7     12    2     54.1927   2.8660
  7     12    5      0.5876   0.0434
  7     12    6     50.9427   2.8660
  7     13    1      0.5303   0.0434
  7     13    2     52.7425   2.8660
  7     13    5      0.5533   0.0434
  7     13    6     49.5404   2.8660
  7     14    1      0.4634   0.0434
  7     14    2     50.3638   2.8660
  7     14    5      0.4903   0.0434
  7     14    6     47.2418   2.8660
  7     15    1      0.4612   0.0434
  7     15    2     45.9034   2.8660
  7     15    5      0.4788   0.0434
  7     15    6     44.6345   2.8660
  7     16    1      0.5522   0.0434
  7     16    2     38.2376   2.8660
  7     16    5      0.4806   0.0434
  7     16    6     40.5557   2.8660
  7     17    1      0.4533   0.0573
  7     17    2     37.2859   3.7794
  7     17    5      0.5013   0.0434
  7     17    6     38.4951   2.8660
  7     18    1      0.4256   0.0446
  7     18    2     34.0943   2.9458
  7     18    5      0.5186   0.0434
  7     18    6     35.2706   2.8660
  7     19    1      1.0399   0.0434
  7     19    2     24.1379   2.8660
  7     19    5      0.6509   0.0531
  7     19    6     46.9872   3.5048
  8     1     1      0.6940   0.0434
  8     1     2     53.9825   2.8660
  8     1     5      0.6016   0.0434
  8     1     6     54.6569   2.8660
  8     2     1      0.6699   0.0434
  8     2     2     52.5054   2.8660
  8     2     5      0.5866   0.0434
  8     2     6     52.1536   2.8660
  8     3     1      0.6763   0.0434
  8     3     2     50.6841   2.8660
  8     3     5      0.6037   0.0434
  8     3     6     50.1048   2.8660
  8     4     1      0.6533   0.0434
  8     4     2     52.2042   2.8660
  8     4     5      0.5725   0.0434
  8     4     6     51.8009   2.8660
  8     5     1      0.6548   0.0434
  8     5     2     51.8382   2.8660
  8     5     5      0.5705   0.0434
  8     5     6     51.1670   2.8660
  8     6     1      0.6287   0.0434
  8     6     2     51.5607   2.8660
  8     6     5      0.5446   0.0434
  8     6     6     50.6267   2.8660
  8     7     1      0.6179   0.0434
  8     7     2     51.9776   2.8660
  8     7     5      0.5398   0.0434
  8     7     6     50.7422   2.8660
  8     8     1      0.5995   0.0434
  8     8     2     52.0001   2.8660
  8     8     5      0.5130   0.0434
  8     8     6     50.7681   2.8660
  8     9     1      0.6004   0.0434
  8     9     2     52.2244   2.8660
  8     9     5      0.5246   0.0434
  8     9     6     50.4688   2.8660
  8     10    1      0.5416   0.0434
  8     10    2     53.8779   2.8660
  8     10    5      0.4438   0.0434
  8     10    6     51.9914   2.8660
  8     11    1      0.5490   0.0434
  8     11    2     53.1090   2.8660
  8     11    5      0.4635   0.0434
  8     11    6     50.9521   2.8660
  8     12    1      0.6274   0.0434
  8     12    2     53.5663   2.8660
  8     12    5      0.5666   0.0434
  8     12    6     52.0473   2.8660
  8     13    1      0.5689   0.0434
  8     13    2     52.8573   2.8660
  8     13    5      0.5273   0.0434
  8     13    6     51.1373   2.8660
  8     14    1      0.4442   0.0434
  8     14    2     50.3236   2.8660
  8     14    5      0.4044   0.0434
  8     14    6     47.5687   2.8660
  8     15    1      0.4100   0.0434
  8     15    2     48.3035   2.8660
  8     15    5      0.3899   0.0434
  8     15    6     45.0811   2.8660
  8     16    1      0.3896   0.0434
  8     16    2     41.9324   2.8660
  8     16    5      0.3890   0.0434
  8     16    6     41.3392   2.8660
  8     17    1      0.3780   0.0475
  8     17    2     38.0051   3.1340
  8     17    5      0.3853   0.0434
  8     17    6     39.0344   2.8660
  8     18    1      0.4010   0.0498
  8     18    2     35.3641   3.2897
  8     18    5      0.4063   0.0434
  8     18    6     35.6521   2.8660
  8     19    1      0.4918   0.0585
  8     19    2     25.6708   3.8588
  8     19    5      0.4572   0.0434
  8     19    6     33.7701   2.8660
  9     1     1      0.6304   0.0434
  9     1     2     52.4050   2.8660
  9     1     5      0.6892   0.0434
  9     1     6     53.1894   2.8660
  9     2     1      0.6129   0.0434
  9     2     2     50.5731   2.8660
  9     2     5      0.6682   0.0434
  9     2     6     50.6877   2.8660
  9     3     1      0.6202   0.0434
  9     3     2     48.8110   2.8660
  9     3     5      0.6869   0.0434
  9     3     6     48.7479   2.8660
  9     4     1      0.6015   0.0434
  9     4     2     50.4783   2.8660
  9     4     5      0.6635   0.0434
  9     4     6     50.1856   2.8660
  9     5     1      0.5948   0.0434
  9     5     2     50.0843   2.8660
  9     5     5      0.6629   0.0434
  9     5     6     49.5427   2.8660
  9     6     1      0.5889   0.0434
  9     6     2     49.4302   2.8660
  9     6     5      0.6492   0.0434
  9     6     6     49.1209   2.8660
  9     7     1      0.5838   0.0434
  9     7     2     49.5478   2.8660
  9     7     5      0.6429   0.0434
  9     7     6     49.4211   2.8660
  9     8     1      0.5613   0.0434
  9     8     2     49.7913   2.8660
  9     8     5      0.6146   0.0434
  9     8     6     49.8569   2.8660
  9     9     1      0.5472   0.0434
  9     9     2     50.5874   2.8660
  9     9     5      0.6555   0.0434
  9     9     6     48.0100   2.8660
  9     10    1      0.5102   0.0434
  9     10    2     52.2663   2.8660
  9     10    5      0.5553   0.0434
  9     10    6     50.3345   2.8660
  9     11    1      0.5323   0.0434
  9     11    2     51.1387   2.8660
  9     11    5      0.5745   0.0434
  9     11    6     49.9801   2.8660
  9     12    1      0.6322   0.0434
  9     12    2     50.3978   2.8660
  9     12    5      0.6039   0.0434
  9     12    6     50.8948   2.8660
  9     13    1      0.6017   0.0434
  9     13    2     50.0818   2.8660
  9     13    5      0.5696   0.0434
  9     13    6     49.7581   2.8660
  9     14    1      0.4605   0.0434
  9     14    2     48.2734   2.8660
  9     14    5      0.5015   0.0434
  9     14    6     47.6647   2.8660
  9     15    1      0.4323   0.0434
  9     15    2     46.2366   2.8660
  9     15    5      0.4847   0.0434
  9     15    6     45.3905   2.8660
  9     16    1      0.4035   0.0434
  9     16    2     42.8079   2.8660
  9     16    5      0.4813   0.0434
  9     16    6     41.2205   2.8660
  9     17    1      0.3786   0.0434
  9     17    2     39.7427   2.8660
  9     17    5      0.4781   0.0434
  9     17    6     38.1196   2.8660
  9     18    1      0.3838   0.0434
  9     18    2     35.8473   2.8660
  9     18    5      0.5025   0.0434
  9     18    6     35.2840   2.8660
  9     19    1      0.4143   0.0434
  9     19    2     30.7552   2.8660
  9     19    5      0.5557   0.0434
  9     19    6     32.1203   2.8660
  10    1     1      0.5893   0.0434
  10    1     2     52.1721   2.8660
  10    1     5      0.6579   0.0434
  10    1     6     52.1459   2.8660
  10    2     1      0.5557   0.0434
  10    2     2     50.4468   2.8660
  10    2     5      0.6426   0.0434
  10    2     6     50.1636   2.8660
  10    3     1      0.5476   0.0434
  10    3     2     48.8209   2.8660
  10    3     5      0.6576   0.0434
  10    3     6     48.4347   2.8660
  10    4     1      0.5585   0.0434
  10    4     2     50.0779   2.8660
  10    4     5      0.6415   0.0434
  10    4     6     49.8338   2.8660
  10    5     1      0.5532   0.0434
  10    5     2     49.6951   2.8660
  10    5     5      0.6398   0.0434
  10    5     6     49.2751   2.8660
  10    6     1      0.5488   0.0434
  10    6     2     48.7921   2.8660
  10    6     5      0.6293   0.0434
  10    6     6     48.7376   2.8660
  10    7     1      0.5424   0.0434
  10    7     2     49.0691   2.8660
  10    7     5      0.6303   0.0434
  10    7     6     48.7772   2.8660
  10    8     1      0.5220   0.0434
  10    8     2     49.6368   2.8660
  10    8     5      0.5991   0.0434
  10    8     6     49.3569   2.8660
  10    9     1      0.5046   0.0434
  10    9     2     50.1245   2.8660
  10    9     5      0.6119   0.0434
  10    9     6     48.8412   2.8660
  10    10    1      0.4550   0.0434
  10    10    2     52.1997   2.8660
  10    10    5      0.5378   0.0434
  10    10    6     50.9601   2.8660
  10    11    1      0.4992   0.0434
  10    11    2     50.4136   2.8660
  10    11    5      0.5505   0.0434
  10    11    6     50.3185   2.8660
  10    12    1      0.5024   0.0434
  10    12    2     49.9871   2.8660
  10    12    5      0.5994   0.0434
  10    12    6     51.9507   2.8660
  10    13    1      0.4631   0.0434
  10    13    2     49.0100   2.8660
  10    13    5      0.5621   0.0434
  10    13    6     50.7778   2.8660
  10    14    1      0.4008   0.0434
  10    14    2     47.4417   2.8660
  10    14    5      0.4952   0.0434
  10    14    6     47.6816   2.8660
  10    15    1      0.3765   0.0434
  10    15    2     45.1341   2.8660
  10    15    5      0.4820   0.0434
  10    15    6     45.4779   2.8660
  10    16    1      0.3616   0.0434
  10    16    2     40.9440   2.8660
  10    16    5      0.4782   0.0434
  10    16    6     42.0051   2.8660
  10    17    1      0.3543   0.0434
  10    17    2     38.4537   2.8660
  10    17    5      0.4674   0.0434
  10    17    6     38.7675   2.8660
  10    18    1      0.3598   0.0434
  10    18    2     34.3601   2.8660
  10    18    5      0.4913   0.0434
  10    18    6     36.0475   2.8660
  10    19    1      0.3954   0.0434
  10    19    2     28.5202   2.8660
  10    19    5      0.5386   0.0434
  10    19    6     33.2777   2.8660
  11    1     1      0.6704   0.0434
  11    1     2     50.3216   2.8660
  11    1     5      1.0425   0.0434
  11    1     6     50.9776   2.8660
  11    2     1      0.6411   0.0434
  11    2     2     48.9871   2.8660
  11    2     5      1.0236   0.0434
  11    2     6     49.2438   2.8660
  11    3     1      0.6426   0.0434
  11    3     2     47.4978   2.8660
  11    3     5      1.0342   0.0434
  11    3     6     47.3402   2.8660
  11    4     1      0.6579   0.0434
  11    4     2     48.8547   2.8660
  11    4     5      1.0240   0.0434
  11    4     6     49.3760   2.8660
  11    5     1      0.6505   0.0434
  11    5     2     48.5298   2.8660
  11    5     5      1.0213   0.0434
  11    5     6     48.7580   2.8660
  11    6     1      0.6417   0.0434
  11    6     2     47.7733   2.8660
  11    6     5      1.0202   0.0434
  11    6     6     47.8863   2.8660
  11    7     1      0.6480   0.0434
  11    7     2     48.4963   2.8660
  11    7     5      1.0085   0.0434
  11    7     6     48.3148   2.8660
  11    8     1      0.6254   0.0434
  11    8     2     49.3861   2.8660
  11    8     5      1.0108   0.0434
  11    8     6     48.2673   2.8660
  11    9     1      0.6115   0.0434
  11    9     2     49.9725   2.8660
  11    9     5      1.0107   0.0434
  11    9     6     48.3365   2.8660
  11    10    1      0.5756   0.0434
  11    10    2     51.7235   2.8660
  11    10    5      0.9461   0.0434
  11    10    6     50.5233   2.8660
  11    11    1      0.5985   0.0434
  11    11    2     50.6734   2.8660
  11    11    5      0.9581   0.0434
  11    11    6     49.7857   2.8660
  11    12    1      0.6226   0.0434
  11    12    2     49.4565   2.8660
  11    12    5      1.2803   0.0434
  11    12    6     50.0155   2.8660
  11    13    1      0.5830   0.0434
  11    13    2     48.6869   2.8660
  11    13    5      1.1930   0.0434
  11    13    6     49.0192   2.8660
  11    14    1      0.5511   0.0434
  11    14    2     47.8376   2.8660
  11    14    5      1.0959   0.0434
  11    14    6     46.7828   2.8660
  11    15    1      0.5114   0.0460
  11    15    2     44.8414   3.0368
  11    15    5      1.0542   0.0434
  11    15    6     45.4624   2.8660
  11    16    1      0.4996   0.0525
  11    16    2     42.4849   3.4627
  11    16    5      1.0269   0.0434
  11    16    6     41.0697   2.8660
  11    17    1      0.4952   0.0626
  11    17    2     39.0653   4.1359
  11    17    5      1.0438   0.0450
  11    17    6     36.6047   2.9682
  11    18    1      0.5187   0.0659
  11    18    2     35.0169   4.3538
  11    18    5      1.0755   0.0463
  11    18    6     33.7869   3.0523
  11    19    1      0.5752   0.0665
  11    19    2     33.0994   4.3919
  11    19    5      1.1262   0.0461
  11    19    6     31.2957   3.0434
  12    1     1      0.5547   0.0434
  12    1     2     50.3572   2.8660
  12    1     5      0.6279   0.0434
  12    1     6     46.5143   2.8660
  12    2     1      0.4261   0.0434
  12    2     2     51.9130   2.8660
  12    2     5      0.5134   0.0434
  12    2     6     50.8877   2.8660
  12    3     1      0.4075   0.0434
  12    3     2     49.1223   2.8660
  12    3     5      0.4974   0.0434
  12    3     6     46.9020   2.8660
  12    4     1      0.4580   0.0434
  12    4     2     47.7709   2.8660
  12    4     5      0.5274   0.0434
  12    4     6     46.0369   2.8660
  12    5     1      0.4581   0.0434
  12    5     2     47.6757   2.8660
  12    5     5      0.5307   0.0434
  12    5     6     46.0384   2.8660
  12    6     1      0.4595   0.0434
  12    6     2     46.8391   2.8660
  12    6     5      0.5280   0.0434
  12    6     6     45.8962   2.8660
  12    7     1      0.4658   0.0434
  12    7     2     47.6361   2.8660
  12    7     5      0.5391   0.0434
  12    7     6     46.3706   2.8660
  12    8     1      0.4465   0.0434
  12    8     2     48.3223   2.8660
  12    8     5      0.5101   0.0434
  12    8     6     47.3908   2.8660
  12    9     1      0.4277   0.0434
  12    9     2     48.7888   2.8660
  12    9     5      0.5305   0.0434
  12    9     6     46.4267   2.8660
  12    10    1      0.3755   0.0434
  12    10    2     51.2770   2.8660
  12    10    5      0.4397   0.0434
  12    10    6     49.5164   2.8660
  12    11    1      0.4290   0.0434
  12    11    2     50.0103   2.8660
  12    11    5      0.4739   0.0434
  12    11    6     49.0656   2.8660
  12    12    1      0.4291   0.0434
  12    12    2     50.1630   2.8660
  12    12    5      0.5061   0.0434
  12    12    6     49.9938   2.8660
  12    13    1      0.3843   0.0434
  12    13    2     49.4577   2.8660
  12    13    5      0.4726   0.0434
  12    13    6     49.2543   2.8660
  12    14    1      0.3252   0.0434
  12    14    2     48.0438   2.8660
  12    14    5      0.4112   0.0434
  12    14    6     47.1470   2.8660
  12    15    1      0.2959   0.0434
  12    15    2     45.9095   2.8660
  12    15    5      0.3923   0.0434
  12    15    6     44.9560   2.8660
  12    16    1      0.2828   0.0434
  12    16    2     42.0562   2.8660
  12    16    5      0.3877   0.0434
  12    16    6     41.5293   2.8660
  12    17    1      0.2731   0.0434
  12    17    2     39.1792   2.8660
  12    17    5      0.3834   0.0434
  12    17    6     38.5247   2.8660
  12    18    1      0.2797   0.0434
  12    18    2     35.1579   2.8660
  12    18    5      0.4099   0.0434
  12    18    6     35.0487   2.8660
  12    19    1      0.3156   0.0434
  12    19    2     29.8881   2.8660
  12    19    5      0.4481   0.0434
  12    19    6     32.0199   2.8660
  13    1     1      0.6225   0.0434
  13    1     2     48.6898   2.8660
  13    1     5      0.5982   0.0434
  13    1     6     50.2962   2.8660
  13    2     1      0.6068   0.0434
  13    2     2     46.8505   2.8660
  13    2     5      0.5736   0.0434
  13    2     6     48.0036   2.8660
  13    3     1      0.6409   0.0434
  13    3     2     44.9508   2.8660
  13    3     5      0.6053   0.0434
  13    3     6     45.6694   2.8660
  13    4     1      0.6209   0.0434
  13    4     2     46.2274   2.8660
  13    4     5      0.5893   0.0434
  13    4     6     46.8563   2.8660
  13    5     1      0.6285   0.0434
  13    5     2     46.0111   2.8660
  13    5     5      0.6024   0.0434
  13    5     6     46.5357   2.8660
  13    6     1      0.6248   0.0434
  13    6     2     45.8798   2.8660
  13    6     5      0.6082   0.0434
  13    6     6     46.4578   2.8660
  13    7     1      0.6248   0.0434
  13    7     2     46.7836   2.8660
  13    7     5      0.5922   0.0434
  13    7     6     47.0205   2.8660
  13    8     1      0.6041   0.0434
  13    8     2     47.4358   2.8660
  13    8     5      0.5693   0.0434
  13    8     6     48.4029   2.8660
  13    9     1      0.6446   0.0434
  13    9     2     47.2039   2.8660
  13    9     5      0.6320   0.0434
  13    9     6     47.0452   2.8660
  13    10    1      0.5583   0.0434
  13    10    2     50.0925   2.8660
  13    10    5      0.4958   0.0434
  13    10    6     50.2342   2.8660
  13    11    1      0.5826   0.0434
  13    11    2     49.6605   2.8660
  13    11    5      0.5534   0.0434
  13    11    6     49.3980   2.8660
  13    12    1      0.5911   0.0434
  13    12    2     49.4010   2.8660
  13    12    5      0.5875   0.0434
  13    12    6     47.4505   2.8660
  13    13    1      0.5610   0.0434
  13    13    2     48.7861   2.8660
  13    13    5      0.5494   0.0434
  13    13    6     47.2615   2.8660
  13    14    1      0.4962   0.0434
  13    14    2     47.4662   2.8660
  13    14    5      0.4649   0.0434
  13    14    6     47.0491   2.8660
  13    15    1      0.4727   0.0434
  13    15    2     45.2065   2.8660
  13    15    5      0.4483   0.0434
  13    15    6     44.8139   2.8660
  13    16    1      0.4635   0.0434
  13    16    2     41.4227   2.8660
  13    16    5      0.4491   0.0434
  13    16    6     41.1513   2.8660
  13    17    1      0.4440   0.0434
  13    17    2     38.7979   2.8660
  13    17    5      0.4485   0.0434
  13    17    6     38.1771   2.8660
  13    18    1      0.4591   0.0434
  13    18    2     34.9882   2.8660
  13    18    5      0.4728   0.0434
  13    18    6     35.5034   2.8660
  13    19    1      0.4914   0.0434
  13    19    2     29.2994   2.8660
  13    19    5      0.5066   0.0434
  13    19    6     31.8810   2.8660
  14    1     1      0.5137   0.0434
  14    1     2     49.9103   2.8660
  14    1     5      0.5091   0.0434
  14    1     6     51.5059   2.8660
  14    2     1      0.4908   0.0434
  14    2     2     48.1936   2.8660
  14    2     5      0.4784   0.0434
  14    2     6     49.3312   2.8660
  14    3     1      0.5179   0.0434
  14    3     2     46.2776   2.8660
  14    3     5      0.5044   0.0434
  14    3     6     46.8590   2.8660
  14    4     1      0.4946   0.0434
  14    4     2     47.4768   2.8660
  14    4     5      0.4849   0.0434
  14    4     6     47.9568   2.8660
  14    5     1      0.4991   0.0434
  14    5     2     47.0321   2.8660
  14    5     5      0.4945   0.0434
  14    5     6     47.4636   2.8660
  14    6     1      0.4932   0.0434
  14    6     2     46.7030   2.8660
  14    6     5      0.4972   0.0434
  14    6     6     47.1433   2.8660
  14    7     1      0.4875   0.0434
  14    7     2     47.3914   2.8660
  14    7     5      0.4817   0.0434
  14    7     6     47.4773   2.8660
  14    8     1      0.4682   0.0434
  14    8     2     47.9475   2.8660
  14    8     5      0.4559   0.0434
  14    8     6     48.6730   2.8660
  14    9     1      0.5032   0.0434
  14    9     2     47.3800   2.8660
  14    9     5      0.5292   0.0434
  14    9     6     47.2520   2.8660
  14    10    1      0.4248   0.0434
  14    10    2     50.5080   2.8660
  14    10    5      0.3838   0.0434
  14    10    6     50.1422   2.8660
  14    11    1      0.4557   0.0434
  14    11    2     49.7538   2.8660
  14    11    5      0.4373   0.0434
  14    11    6     49.5846   2.8660
  14    12    1      0.4680   0.0434
  14    12    2     49.1083   2.8660
  14    12    5      0.4686   0.0434
  14    12    6     48.0668   2.8660
  14    13    1      0.4389   0.0434
  14    13    2     48.7322   2.8660
  14    13    5      0.4366   0.0434
  14    13    6     47.8661   2.8660
  14    14    1      0.3711   0.0434
  14    14    2     47.1143   2.8660
  14    14    5      0.3587   0.0434
  14    14    6     47.5368   2.8660
  14    15    1      0.3469   0.0434
  14    15    2     45.6055   2.8660
  14    15    5      0.3363   0.0434
  14    15    6     45.5421   2.8660
  14    16    1      0.3307   0.0434
  14    16    2     41.7995   2.8660
  14    16    5      0.3423   0.0434
  14    16    6     42.0741   2.8660
  14    17    1      0.3138   0.0434
  14    17    2     39.5130   2.8660
  14    17    5      0.3360   0.0434
  14    17    6     39.3050   2.8660
  14    18    1      0.3125   0.0434
  14    18    2     34.5899   2.8660
  14    18    5      0.3580   0.0434
  14    18    6     35.9027   2.8660
  14    19    1      0.3557   0.0435
  14    19    2     29.3327   2.8738
  14    19    5      0.3916   0.0466
  14    19    6     31.9966   3.0773
  15    1     1      0.4275   0.0434
  15    1     2     51.4902   2.8660
  15    1     5      0.5131   0.0434
  15    1     6     51.3025   2.8660
  15    2     1      0.4099   0.0434
  15    2     2     49.6817   2.8660
  15    2     5      0.4891   0.0434
  15    2     6     49.2964   2.8660
  15    3     1      0.4315   0.0434
  15    3     2     47.1556   2.8660
  15    3     5      0.5169   0.0434
  15    3     6     46.5027   2.8660
  15    4     1      0.4159   0.0434
  15    4     2     48.0103   2.8660
  15    4     5      0.5042   0.0434
  15    4     6     47.1948   2.8660
  15    5     1      0.4139   0.0434
  15    5     2     47.6039   2.8660
  15    5     5      0.5071   0.0434
  15    5     6     46.5833   2.8660
  15    6     1      0.4173   0.0434
  15    6     2     46.5843   2.8660
  15    6     5      0.5034   0.0434
  15    6     6     45.8985   2.8660
  15    7     1      0.4213   0.0434
  15    7     2     46.8204   2.8660
  15    7     5      0.5177   0.0434
  15    7     6     45.8274   2.8660
  15    8     1      0.4116   0.0434
  15    8     2     47.1091   2.8660
  15    8     5      0.4846   0.0434
  15    8     6     46.8020   2.8660
  15    9     1      0.4101   0.0434
  15    9     2     47.5393   2.8660
  15    9     5      0.5515   0.0434
  15    9     6     45.5626   2.8660
  15    10    1      0.3639   0.0434
  15    10    2     49.5065   2.8660
  15    10    5      0.4688   0.0434
  15    10    6     48.2073   2.8660
  15    11    1      0.3846   0.0434
  15    11    2     49.6339   2.8660
  15    11    5      0.4827   0.0434
  15    11    6     48.1982   2.8660
  15    12    1      0.3627   0.0434
  15    12    2     47.4225   2.8660
  15    12    5      0.4645   0.0434
  15    12    6     44.2641   2.8660
  15    13    1      0.3134   0.0434
  15    13    2     45.3036   2.8660
  15    13    5      0.4071   0.0434
  15    13    6     41.3541   2.8660
  15    14    1      0.2679   0.0434
  15    14    2     45.0296   2.8660
  15    14    5      0.3590   0.0434
  15    14    6     40.6960   2.8660
  15    15    1      0.2502   0.0434
  15    15    2     43.2131   2.8660
  15    15    5      0.3478   0.0434
  15    15    6     40.1944   2.8660
  15    16    1      0.2208   0.0484
  15    16    2     40.1664   3.1956
  15    16    5      0.3378   0.0439
  15    16    6     38.5222   2.8985
  15    17    1      0.2136   0.0571
  15    17    2     38.7454   3.7673
  15    17    5      0.3649   0.0498
  15    17    6     36.9806   3.2887
  15    18    1      0.2219   0.0608
  15    18    2     34.9807   4.0143
  15    18    5      0.3882   0.0525
  15    18    6     34.7737   3.4656
  15    19    1      0.2685   0.0625
  15    19    2     29.9359   4.1260
  15    19    5      0.4425   0.0537
  15    19    6     30.1697   3.5449
