*JOB	LARCH	09GA_GA1ANAKAMURVELDEF
**------+-------+-------+-------+-------+-------+-------+-------
*CALL	DUMIN
**------+-------+-------+-------+-------+-------+-------+-------
*CALL	DEFINE	CDP		inv	V3
HANDVEL	2200
0	4000	100	4200	1000	5348	1250	5566
1400	5812	1650	5822	1900	5852	2250	5920
4000	6000
HANDVEL	2400
0	4000	650	5219	1450	5710	1850	5951
4000	6000
HANDVEL	2600	
0	4000	850	5424	2200	5970	2500	6073
4000	6200
HANDVEL	2800
0	3500	900	5250	2700	5930	4000	6000
HANDVEL	3000
0	4000	550	5313	950	5657	4000	6000
HANDVEL	3200	
0	4000	550	5313	950	5657	4000	6000
HANDVEL	3400
0	3500	450	5099	1150	5632	1350	5614
4000	6000
HANDVEL	3600
0	3500	250	3634	1000	5500	2400	5765
4000	6000
HANDVEL 3800
0       3500    250     3634    1000    5500    2400    5765
4000    6000
HANDVEL 4000
0       3000    250     3100    300     3672    1000    5200
1350    5524    1600    5576    4000    6000
HANDVEL 4100
0       3000    100     3082    300     3500    400     3750
900     5200    1500    5500    2500    5920    4000    6000
HANDVEL 4200
0       3500    350     3734    1050    5483    1400    5633
1600    5640    4000    6300
HANDVEL 4400
0       3500    400     3600    1050    5483    1400    5633
1600    5640    4000    6300
HANDVEL 4600
0       3500    100     3655    400     4297    600     5200
1000    5500    2200    5826    4000    6000
HANDVEL 4800
0       3750    250     4278    600     5200    1250    5616
1800    5850    4000    6000
HANDVEL 5000
0       4000    350     4252    600     5200    950     6238
1300    6478    4000    6500
HANDVEL 5100
0       3250    100     3500    250     4000    500     4500
750     5267    950     5470    1400    5686    2000    5700
4000    5800
HANDVEL 5200
0       3250    100     3500    250     4000    500     4350
700     5216    1200    5583    1750    5700    4000    6000
HANDVEL 5300
0       3250    100     3500    250     4000    500     4500
800     5200    1200    5583    1750    5700    4000    6000
HANDVEL 5400
0       3250    100     3500    250     4000    450     4464
600     5200    1000    5630    1300    5815    1500    5844
4000    6000
HANDVEL 5500
0       3500    150     3847    450     4681    750     5200
1000    5500    1750    5730    4000    6000
HANDVEL 5600
0       3500    150     3738    450     4582    850     5350
1550    5665    4000    6000
HANDVEL 5700
0       3400    200     3500    450     4510    950     5350
1250    5474    1750    5550    4000    6000
HANDVEL	5800
0	3400	200	3500	400	4250	700	5200	
900	5300	1150	5481	1600	5700	4000	6000
HANDVEL	5900
0	3000	250	3054	500	4544	700	5200
1150	5497	1700	6129	4000	6200
HANDVEL	6000
0	3000	250	3471	400	4250	700	5200
1300	5650	4000	6000
HANDVEL	6100
0	3000	250	3350	450	4300	750	5200
1100	5234	1300	5500	1800	5538	4000    5800
HANDVEL	6200
0	3000	300	3400	500	4500	700 	5200
1500	5650	4000    6000
HANDVEL	6300
0	3000	300	3411	550	4450	700	5200
1300	5050	1900    5301    4000    5800
HANDVEL	6400	
0	3000	300	3411	500	4500	600	4593
700	5200	1850	5721	4000	6000
HANDVEL	6500	
0	3000	150	3191	300	3344	600	4543	
700	5200	1700	5849	4000	5900
HANDVEL	6600
0	3000	400	3500	650	4806	700	5200
1650	5678	2300    5750    4000    6000
HANDVEL	6700
0	3000	300	3403	600	4700	650	4735
800	5200	1300	5500	2050	5706	2200	5749
4000	6000
HANDVEL	6800
0	3000	400	3427	600	4500	650	4564
800	5200	1550	5481	1900	5850	4000	6000
HANDVEL	6900
0	3000	350	3305	550	4500	650	4638
800	5200	1400	5339	2150	5700	4000	6000
HANDVEL	7000	
0	3000	250	3115	400	3618	600	4700
700	4742	900	5200	2100	6100	4000	6200
HANDVEL	7100
0	3000	400	3603	650	4715	900	5200
1550	5684	2300	5956	4000	6200
HANDVEL	7200
0	3000	250	3323	450	4750	600	5100
900	5181	1050	5235	1400	5506	2200	5788
4000	6200
HANDVEL 7450
0       4000    300     5000    500     5200    1250    5667
1800    5881    4000    6000
HANDVEL 7700
0       3500    200     3600    500     5314    950     5450
1250    5697    4000    6300
HANDVEL	7950
0	3500	250	3614	600	5000	900	5250	
2850	5912	4000	6200
HANDVEL	8200	
0	3900	100	3968	350	4690	600	4703
900	5250	2850	5912	4000	6200
HANDVEL	8400
0	4000	400	4599	850	5318	1750	6100
4000	6300
HANDVEL	8600
0	3500	100	3647	850	5600	1450	5672	
4000	6000
HANDVEL	8800
0	4000	500	5150	650	5238	950	5692
4000	6000
HANDVEL	8950	
0	4000	450	5250	850	5307	1750	5500
4000	6000
HANDVEL	9150	
0	4000	300	5145	700	5679	900	5750
4000	6200
HANDVEL	9400
0	4000	300	5145	700	5679	900	5750
4000	6000
HANDVEL	9600
0	4000	300	5145	700	5679	900	5750
4000	6000
HANDVEL	9800
0	4000	300	5145	700	5679	900	5750
1850	6000	4000	6200
HANDVEL	10000
0	4500	650	5400	900	5900	1350	6050
4000	6200
HANDVEL	10100
0	5000	400	5700	1000	5950	1250	5991
4000	6300
HANDVEL	10200
0	5000	500	5750	900	5900	1500	6000
4000	6200
HANDVEL	10400
0	5000	550	5650	950	6224	1300	6309
4000	6400
HANDVEL	10600
0	5000	400	5585	600	6100	1000	6150
4000	6400
HANDVEL	10800
0	5000	450	5600	650	5628	850	5700
1850	6250	4000	6400
HANDVEL	11000
0	5000	250	5413	450	5626	900	5793
1100	5919	1400	5949	4000	6300
HANDVEL	11200
0	5000	400	5564	650	5803	1550	6250
4000	6400
HANDVEL	11400
0	5000	500	5750	1000	5950	1400	6152
4000	6300
HANDVEL	11600
0	5000	500	5100	850	5691	1600	5921
2000	6000	4000	6300
HANDVEL	11800
0	5000	500	5757	1050	5850	4000	6300
HANDVEL	12000
0	5000	600	5200	950	5900	4000	6200
HANDVEL	12200
0	5000	500	5300	900	5673	1450	5950
4000	6200
HANDVEL	12400
0	5000	500	5600	1000	5950	2000	6000
4000	6200
HANDVEL	12600
0	5000	250	5250	700	5380	900	5750
1750	6000	4000	6200
HANDVEL	12800
0	5000	500	5300	1000	5500	1750	5800
4000	6200
HANDVEL	13000
0	5000	500	5300	1000	5500	1400	5800
4000	6200
HANDVEL	13200
0	4800	800	5100	900	5186	1600	5350
4000	5800
HANDVEL	13400
0	5000	650	5852	850	5937	1800	5900
4000	6000
HANDVEL	13600
0	5000	650	5852	850	5937	1800	5900
4000	6000
HANDVEL	13800
0	5000	500	5600	750	5700	1500	5950	
4000	6200
HANDVEL	13950
0	5000	250	5250	450	5701	600	5800
2000	6100	4000	6300
HANDVEL	14200
0	5000	600	5200	950	5900	1250	6019
1700	6261	4000	6400
HANDVEL	14400
0	4200	100	4278	250	4403	550	5200
900	5600	4000	6200
HANDVEL	14600
0	5000	800	5400	1750	5700	4000	6000
HANDVEL	14800
0	2000	200	2168	500	4900	1050	5566
1350	5712	4000	6000
HANDVEL	15000
0	2000	300	2252	500	4700	700	5031
1200	5351	1650	5595	4000	6000
HANDVEL	15200
0	1700	100	1814	300	2210	500	4500	
850	5064	1100	5191	1250	5232	1500	5503	
1900	5626	4000	6000
HANDVEL	15400
0	1700	100	1800	200	1901	300	2200
550	4400	950	4950	1050	5150	1250	5242
1650	5168	4000	5500
HANDVEL	15600
0	1700	200	1850	300	2200	550	3931
900	4800	1700	5329	4000	5500
HANDVEL	15700
0	2000	150	2257	300	3383	600	4550
1000	5000	4000	5700
HANDVEL	15800
0	2700	100	2831	400	4800	500	4975
750	5782	1250	6151	4000	6300
HANDVEL	16000
0	4500	450	5201	950	5900	2400	6000
4000	6300
HANDVEL	16200
0	4300	100	4425	500	5000	900	5150
4000	5700
HANDVEL	16400
0	4000	250	4350	400	4700	500	5011
800	5662	950	5774	4000	6150
HANDVEL	16600
0	3700	250	3900	400	4200	450	4500
600	5350	900	5652	1700	5850	4000	6000
HANDVEL	16800
0	4000	300	4772	450	5004	600	5189
800	5209	1500	5400	4000	5600
HANDVEL	17000
0	3000	300	3612	450	4000	550	4366
700	4509	1050	5050	1250	5150	4000	5600
HANDVEL	17200
0	3000	250	3405	400	3931	550	4111
700	4650	950	5150	1500	5465	4000	5800
HANDVEL	17400
0	3000	250	3332	400	4114	800	5100	
950	5196	1400	5500	4000	5800
HANDVEL	17600
0	3500	450	4482	1850	5700	4000	6400
HANDVEL	17800	
0	4500	600	5800	850	5864	1050	6116
4000	6400
HANDVEL	18000
0	4500	600	5500	750	5512	900	5678
1050	5813	1900	6000	4000	6300
HANDVEL	18200
0	4500	300	5250	800	5550	1100	5636
1700	5956	4000	6300
HANDVEL	18400
0	4500	250	4950	400	5459	950	5569
1900	6000	4000	6300
HANDVEL	18600
0	3000	100	3250	250	3656	550	3736
700	4245	1000	5148	2150	5550	4000	5700
HANDVEL	18800
0	2500	100	2667	250	3024	500	3403
650	3765	1750	4450	2250	5448	4000	5700
HANDVEL	19000
0	2500	100	2631	450	3243	600	3400
700	3750	800	4052	1050	4343	1350	4877
2350	5285	4000	5500
HANDVEL	19150
0	2500	400	3302	650	3504	800	4064	
900	4100	1100	4727	1600	5050	4000	5500
**
**
*END
