Format: Resistivity1DMod_1.0
#LAYERS:    102
!Set free values to -1 or ? 
!penalize between 1 and 0,0 allowing jump between layers and 1 smooth. 
!preference is the assumed resistivity on linear scale. 
!pref_penalty needs to be put if preference is not 0 [0,1]. 
! top_depth   resistivity   penalty   preference   pref_penalty
-10000   1d12   0   0   0   !air layer   
0   -1   0   0   0   !first ground layer   
10   -1   1   0   0   
20   -1   1   0   0   
30   -1   1   0   0   
40   -1   1   0   0   
50   -1   1   0   0   
60   -1   1   0   0   
70   -1   1   0   0   
80   -1   1   0   0   
90   -1   1   0   0   
100   -1   1   0   0   
110   -1   1   0   0   
120   -1   1   0   0   
130   -1   1   0   0   
140   -1   1   0   0   
150   -1   1   0   0   
160   -1   1   0   0   
180   -1   1   0   0   
200   -1   1   0   0   
220   -1   1   0   0   
240   -1   1   0   0   
260   -1   1   0   0   
280   -1   1   0   0   
300   -1   1   0   0   
320   -1   1   0   0   
340   -1   1   0   0   
370   -1   1   0   0   
400   -1   1   0   0   
430   -1   1   0   0   
460   -1   1   0   0   
490   -1   1   0   0   
520   -1   1   0   0   
560   -1   1   0   0   
600   -1   1   0   0   
640   -1   1   0   0   
680   -1   1   0   0   
720   -1   1   0   0   
770   -1   1   0   0   
820   -1   1   0   0   
870   -1   1   0   0   
920   -1   1   0   0   
970   -1   1   0   0   
1030   -1   1   0   0   
1090   -1   1   0   0   
1150   -1   1   0   0   
1220   -1   1   0   0   
1290   -1   1   0   0   
1360   -1   1   0   0   
1440   -1   1   0   0   
1520   -1   1   0   0   
1600   -1   1   0   0   
1690   -1   1   0   0   
1780   -1   1   0   0   
1880   -1   1   0   0   
1980   -1   1   0   0   
2080   -1   1   0   0   
2180   -1   1   0   0   
2280   -1   1   0   0   
2380   -1   1   0   0   
2480   -1   1   0   0   
2580   -1   1   0   0   
2680   -1   1   0   0   
2780   -1   1   0   0   
2880   -1   1   0   0   
2980   -1   1   0   0   
3080   -1   1   0   0   
3180   -1   1   0   0   
3280   -1   1   0   0   
3480   -1   1   0   0   
3680   -1   1   0   0   
3880   -1   1   0   0   
4080   -1   1   0   0   
4280   -1   1   0   0   
4480   -1   1   0   0   
4680   -1   1   0   0   
4880   -1   1   0   0   
5080   -1   1   0   0   
5380   -1   1   0   0   
5680   -1   1   0   0   
5980   -1   1   0   0   
6280   -1   1   0   0   
6580   -1   1   0   0   
6880   -1   1   0   0   
7180   -1   1   0   0   
7580   -1   1   0   0   
7980   -1   1   0   0   
8380   -1   1   0   0   
8780   -1   1   0   0   
9180   -1   1   0   0   
9680   -1   1   0   0   
10180   -1   1   0   0   
10680   -1   1   0   0   
11180   -1   1   0   0   
11780   -1   1   0   0   
12380   -1   1   0   0   
12980   -1   1   0   0   
22980   -1   1   0   0   
32980   -1   1   0   0   
42980   -1   1   0   0   
52980   -1   1   0   0   
62980   -1   1   0   0   
