Format:  EMData_1.1 
!mode:   TE
!rotation_angle = 0.00
# Transmitters: 1
0 0 0 0 0 
# Frequencies:   65
   +1.256500e+04
   +9.751601e+03
   +7.876300e+03
   +6.188500e+03
   +5.250801e+03
   +4.265799e+03
   +3.515799e+03
   +8.437800e+02
   +6.562798e+02
   +4.922399e+02
   +3.867599e+02
   +3.164400e+02
   +2.578400e+02
   +2.109600e+02
   +1.728900e+02
   +1.367200e+02
   +1.015600e+02
   +7.421900e+01
   +5.761700e+01
   +4.882800e+01
   +4.101600e+01
   +3.222700e+01
   +2.636700e+01
   +2.148400e+01
   +1.757800e+01
   +1.440400e+01
   +1.147500e+01
   +8.593800e+00
   +6.591801e+00
   +5.371100e+00
   +4.394500e+00
   +3.601100e+00
   +2.868700e+00
   +2.304700e+00
   +1.914100e+00
   +1.601600e+00
   +1.328100e+00
   +1.074200e+00
   +8.789100e-01
   +6.835900e-01
   +5.078100e-01
   +3.710900e-01
   +2.880900e-01
   +2.050800e-01
   +1.318400e-01
   +8.789098e-02
   +6.835900e-02
   +5.127000e-02
   +4.028299e-02
   +3.295900e-02
   +2.685500e-02
   +2.197300e-02
   +1.709000e-02
   +1.281700e-02
   +1.007100e-02
   +8.239700e-03
   +6.713900e-03
   +5.493201e-03
   +4.272499e-03
   +2.822900e-03
   +2.059900e-03
   +1.678500e-03
   +1.373300e-03
   +1.068100e-03
   +7.629400e-04
# Receivers: 1 
0 0 0 0 0 0 
# Data:      130
!Type      Freq#      TX#      Rx#      Data      Std_Error
RhoZxy      1      0      1      +9.526616e+00      +3.810647e-01
PhsZxy      1      0      1      +5.141945e+01      +2.000000e+00
RhoZxy      2      0      1      +9.309317e+00      +3.723727e-01
PhsZxy      2      0      1      +4.980396e+01      +2.000000e+00
RhoZxy      3      0      1      +9.405789e+00      +3.762315e-01
PhsZxy      3      0      1      +4.911077e+01      +2.000000e+00
RhoZxy      4      0      1      +9.767061e+00      +3.906824e-01
PhsZxy      4      0      1      +4.874426e+01      +2.000000e+00
RhoZxy      5      0      1      +1.001230e+01      +4.004919e-01
PhsZxy      5      0      1      +4.914551e+01      +2.000000e+00
RhoZxy      6      0      1      +9.038334e+00      +3.615334e-01
PhsZxy      6      0      1      +4.746509e+01      +2.000000e+00
RhoZxy      7      0      1      +9.425067e+00      +3.770027e-01
PhsZxy      7      0      1      +4.878960e+01      +2.000000e+00
RhoZxy      8      0      1      +6.719764e+00      +2.687906e-01
PhsZxy      8      0      1      +5.439794e+01      +2.000000e+00
RhoZxy      9      0      1      +6.259273e+00      +2.503709e-01
PhsZxy      9      0      1      +5.501065e+01      +2.000000e+00
RhoZxy      10      0      1      +6.519071e+00      +2.607628e-01
PhsZxy      10      0      1      +5.573392e+01      +2.000000e+00
RhoZxy      11      0      1      +5.913344e+00      +2.365338e-01
PhsZxy      11      0      1      +5.586440e+01      +2.000000e+00
RhoZxy      12      0      1      +5.661342e+00      +2.264537e-01
PhsZxy      12      0      1      +5.571404e+01      +2.000000e+00
RhoZxy      13      0      1      +5.245507e+00      +2.098203e-01
PhsZxy      13      0      1      +5.517658e+01      +2.000000e+00
RhoZxy      14      0      1      +4.903070e+00      +1.961228e-01
PhsZxy      14      0      1      +5.482015e+01      +2.000000e+00
RhoZxy      15      0      1      +4.778177e+00      +1.911271e-01
PhsZxy      15      0      1      +5.450632e+01      +2.000000e+00
RhoZxy      16      0      1      +4.682472e+00      +1.872989e-01
PhsZxy      16      0      1      +5.313170e+01      +2.000000e+00
RhoZxy      17      0      1      +4.400080e+00      +1.760032e-01
PhsZxy      17      0      1      +5.240604e+01      +2.000000e+00
RhoZxy      18      0      1      +4.175159e+00      +1.670064e-01
PhsZxy      18      0      1      +5.166837e+01      +2.000000e+00
RhoZxy      19      0      1      +4.094941e+00      +1.637976e-01
PhsZxy      19      0      1      +5.117572e+01      +2.000000e+00
RhoZxy      20      0      1      +3.955511e+00      +1.582204e-01
PhsZxy      20      0      1      +5.083343e+01      +2.000000e+00
RhoZxy      21      0      1      +3.967406e+00      +1.586962e-01
PhsZxy      21      0      1      +5.051857e+01      +2.000000e+00
RhoZxy      22      0      1      +3.862008e+00      +1.544803e-01
PhsZxy      22      0      1      +5.029282e+01      +2.000000e+00
RhoZxy      23      0      1      +3.787220e+00      +1.514888e-01
PhsZxy      23      0      1      +5.008765e+01      +2.000000e+00
RhoZxy      24      0      1      +3.652801e+00      +1.461120e-01
PhsZxy      24      0      1      +5.007210e+01      +2.000000e+00
RhoZxy      25      0      1      +3.651994e+00      +1.460798e-01
PhsZxy      25      0      1      +5.024714e+01      +2.000000e+00
RhoZxy      26      0      1      +3.521046e+00      +1.408418e-01
PhsZxy      26      0      1      +5.032024e+01      +2.000000e+00
RhoZxy      27      0      1      +3.491138e+00      +1.396455e-01
PhsZxy      27      0      1      +5.078555e+01      +2.000000e+00
RhoZxy      28      0      1      +3.218114e+00      +1.287245e-01
PhsZxy      28      0      1      +5.080290e+01      +2.000000e+00
RhoZxy      29      0      1      +3.162414e+00      +1.264966e-01
PhsZxy      29      0      1      +5.078994e+01      +2.000000e+00
RhoZxy      30      0      1      +2.970792e+00      +1.188317e-01
PhsZxy      30      0      1      +5.020881e+01      +2.000000e+00
RhoZxy      31      0      1      +2.818262e+00      +1.127305e-01
PhsZxy      31      0      1      +4.932902e+01      +2.000000e+00
RhoZxy      32      0      1      +2.699179e+00      +1.079671e-01
PhsZxy      32      0      1      +4.806111e+01      +2.000000e+00
RhoZxy      33      0      1      +2.619986e+00      +1.047994e-01
PhsZxy      33      0      1      +4.624235e+01      +2.000000e+00
RhoZxy      34      0      1      +2.538062e+00      +1.015225e-01
PhsZxy      34      0      1      +4.414499e+01      +2.000000e+00
RhoZxy      35      0      1      +2.621154e+00      +1.048462e-01
PhsZxy      35      0      1      +4.627667e+01      +2.000000e+00
RhoZxy      36      0      1      +2.620576e+00      +1.048230e-01
PhsZxy      36      0      1      +4.159350e+01      +2.000000e+00
RhoZxy      37      0      1      +2.630053e+00      +1.052021e-01
PhsZxy      37      0      1      +3.716618e+01      +2.000000e+00
RhoZxy      38      0      1      +2.832854e+00      +1.133142e-01
PhsZxy      38      0      1      +3.466045e+01      +2.000000e+00
RhoZxy      39      0      1      +2.972577e+00      +1.189031e-01
PhsZxy      39      0      1      +3.171103e+01      +2.000000e+00
RhoZxy      40      0      1      +3.462777e+00      +1.385111e-01
PhsZxy      40      0      1      +2.963953e+01      +2.000000e+00
RhoZxy      41      0      1      +4.163367e+00      +1.665347e-01
PhsZxy      41      0      1      +2.670347e+01      +2.000000e+00
RhoZxy      42      0      1      +5.115625e+00      +2.046250e-01
PhsZxy      42      0      1      +2.651473e+01      +2.000000e+00
RhoZxy      43      0      1      +5.937493e+00      +2.374997e-01
PhsZxy      43      0      1      +2.806922e+01      +2.000000e+00
RhoZxy      44      0      1      +7.729697e+00      +3.091879e-01
PhsZxy      44      0      1      +3.061123e+01      +2.000000e+00
RhoZxy      45      0      1      +9.283277e+00      +3.713311e-01
PhsZxy      45      0      1      +3.643374e+01      +2.000000e+00
RhoZxy      46      0      1      +1.054899e+01      +4.219596e-01
PhsZxy      46      0      1      +4.564861e+01      +2.000000e+00
RhoZxy      47      0      1      +8.576924e+00      +3.430769e-01
PhsZxy      47      0      1      +5.040667e+01      +2.000000e+00
RhoZxy      48      0      1      +7.898796e+00      +3.159519e-01
PhsZxy      48      0      1      +5.632486e+01      +2.000000e+00
RhoZxy      49      0      1      +7.601800e+00      +3.040720e-01
PhsZxy      49      0      1      +5.724519e+01      +2.000000e+00
RhoZxy      50      0      1      +7.068979e+00      +2.827592e-01
PhsZxy      50      0      1      +6.098926e+01      +2.000000e+00
RhoZxy      51      0      1      +6.998817e+00      +2.799527e-01
PhsZxy      51      0      1      +6.257916e+01      +2.000000e+00
RhoZxy      52      0      1      +5.885034e+00      +2.354013e-01
PhsZxy      52      0      1      +6.612301e+01      +2.000000e+00
RhoZxy      53      0      1      +4.378889e+00      +1.751555e-01
PhsZxy      53      0      1      +6.732061e+01      +2.000000e+00
RhoZxy      54      0      1      +3.775910e+00      +1.510364e-01
PhsZxy      54      0      1      +6.950895e+01      +2.000000e+00
RhoZxy      55      0      1      +2.732077e+00      +1.190327e-01
PhsZxy      55      0      1      +7.120045e+01      +2.000000e+00
RhoZxy      56      0      1      +2.655865e+00      +1.215292e-01
PhsZxy      56      0      1      +7.266100e+01      +2.000000e+00
RhoZxy      57      0      1      +2.422136e+00      +1.748128e-01
PhsZxy      57      0      1      +7.331412e+01      +2.066707e+00
RhoZxy      58      0      1      +2.189564e+00      +1.674416e-01
PhsZxy      58      0      1      +7.264657e+01      +2.189711e+00
RhoZxy      59      0      1      +1.984948e+00      +1.535692e-01
PhsZxy      59      0      1      +7.529354e+01      +2.215293e+00
RhoZxy      60      0      1      +1.631091e+00      +1.603835e-01
PhsZxy      60      0      1      +6.837846e+01      +2.814651e+00
RhoZxy      61      0      1      +1.112775e+00      +1.319122e-01
PhsZxy      61      0      1      +5.961233e+01      +3.392051e+00
RhoZxy      62      0      1      +1.092349e+00      +1.058889e-01
PhsZxy      62      0      1      +6.055013e+01      +2.774865e+00
RhoZxy      63      0      1      +9.355234e-01      +8.884766e-02
PhsZxy      63      0      1      +6.009794e+01      +2.718679e+00
RhoZxy      64      0      1      +8.221991e-01      +1.295389e-01
PhsZxy      64      0      1      +5.259913e+01      +4.504224e+00
RhoZxy      65      0      1      +6.783514e-01      +1.872168e-01
PhsZxy      65      0      1      +4.772136e+01      +7.856850e+00
